Vector Kr : 
159
11
82
34
89
43
43
249
42
255
210
175
203
17
189
75
75
179
247
96
48
92
97
129
19
19
31
190
78
109
233
198
118
10
147
83
191
100
119
204
98
143
64
235
235
140
103
79
250
15
202
123
130
161
104
228
110
194
186
92
206
107
236
167
Vector Kc : 
29
90
41
133
66
234
142
225
213
23
148
83
146
108
126
144
244
124
217
188
35
118
51
247
226
134
12
177
99
153
221
142
202
212
84
65
91
35
32
103
210
217
137
206
174
213
70
16
209
189
173
130
22
44
160
138
196
242
78
126
12
235
34
173
ITER_MAX : 
31
