Pixel : 
(249, 7, 172)
(128, 167, 9)
(43, 75, 227)
(100, 4, 246)
(112, 73, 104)
(100, 239, 248)
(238, 72, 106)
(194, 96, 179)
(167, 106, 148)
(156, 164, 108)
(63, 168, 61)
(134, 170, 206)
(216, 92, 242)
(58, 13, 122)
(20, 103, 148)
(206, 226, 44)
(166, 137, 3)
(81, 235, 60)
(51, 81, 227)
(100, 173, 132)
(3, 119, 30)
(55, 6, 188)
(173, 46, 66)
(67, 61, 157)
(128, 82, 149)
(253, 221, 53)
(0, 7, 176)
(16, 32, 239)
(243, 10, 97)
(75, 117, 128)
(50, 25, 182)
(193, 166, 138)
(171, 188, 26)
(52, 198, 10)
(31, 45, 18)
(125, 48, 197)
(99, 2, 207)
(245, 18, 163)
(120, 86, 27)
(127, 160, 88)
(201, 37, 78)
(178, 138, 69)
(137, 24, 236)
(100, 216, 33)
(223, 173, 166)
(215, 166, 254)
(156, 230, 164)
(164, 141, 216)
(23, 122, 220)
(22, 69, 31)
(142, 209, 233)
(69, 201, 255)
(86, 22, 247)
(61, 35, 200)
(240, 34, 84)
(42, 216, 87)
(5, 215, 148)
(143, 62, 56)
(103, 136, 28)
(41, 177, 152)
(105, 102, 213)
(215, 56, 37)
(124, 62, 60)
(220, 163, 165)
(84, 134, 2)
(24, 65, 86)
(179, 215, 64)
(219, 36, 72)
(72, 249, 163)
(63, 55, 64)
(107, 35, 196)
(179, 237, 198)
(101, 25, 52)
(211, 64, 100)
(208, 148, 206)
(70, 206, 203)
(123, 9, 127)
(232, 14, 29)
(208, 14, 238)
(214, 17, 16)
(88, 22, 60)
(80, 236, 95)
(200, 201, 53)
(34, 246, 233)
(11, 9, 13)
(125, 228, 208)
(11, 158, 141)
(68, 54, 55)
(99, 88, 128)
(76, 131, 235)
(126, 139, 108)
(81, 163, 80)
(49, 149, 41)
(101, 24, 158)
(72, 171, 185)
(228, 229, 33)
(207, 172, 108)
(132, 140, 223)
(182, 112, 243)
(27, 149, 51)
(190, 122, 39)
(41, 228, 106)
(251, 102, 63)
(200, 156, 199)
(23, 190, 164)
(125, 81, 176)
(206, 196, 133)
(188, 243, 31)
(47, 100, 238)
(44, 171, 250)
(101, 102, 156)
(212, 239, 102)
(20, 90, 31)
(83, 17, 60)
(238, 171, 114)
(252, 246, 93)
(170, 19, 209)
(5, 122, 139)
(75, 72, 32)
(1, 163, 179)
(60, 63, 95)
(250, 63, 51)
(84, 22, 100)
(198, 160, 59)
(88, 252, 171)
(189, 91, 212)
(231, 126, 171)
(115, 2, 142)
(224, 237, 240)
(146, 235, 177)
(89, 66, 84)
(198, 14, 171)
(193, 103, 230)
(196, 97, 104)
(198, 2, 138)
(119, 185, 202)
(223, 198, 41)
(250, 93, 20)
(163, 211, 65)
(73, 238, 242)
(144, 118, 165)
(79, 16, 228)
(228, 247, 69)
(18, 219, 99)
(234, 47, 6)
(29, 207, 211)
(54, 171, 151)
(24, 83, 80)
(225, 47, 89)
(155, 56, 124)
(162, 87, 217)
(238, 83, 117)
(252, 250, 243)
(173, 203, 40)
(180, 224, 50)
(70, 167, 195)
(13, 142, 197)
(221, 139, 91)
(195, 97, 219)
(159, 210, 125)
(141, 72, 196)
(69, 133, 204)
(217, 27, 46)
(4, 165, 54)
(49, 52, 80)
(152, 42, 123)
(187, 81, 134)
(73, 123, 104)
(37, 66, 215)
(179, 45, 102)
(127, 240, 158)
(57, 91, 49)
(229, 6, 143)
(61, 133, 118)
(73, 228, 218)
(88, 128, 53)
(27, 162, 196)
(233, 227, 15)
(45, 178, 87)
(178, 245, 150)
(146, 43, 185)
(133, 159, 67)
(202, 205, 148)
(198, 72, 219)
(98, 146, 6)
(130, 191, 250)
(199, 10, 15)
(7, 100, 209)
(127, 57, 251)
(47, 238, 171)
(167, 184, 10)
(129, 16, 200)
(40, 126, 166)
(220, 188, 117)
(63, 5, 101)
(161, 254, 122)
(155, 50, 11)
(62, 179, 122)
(84, 162, 4)
(180, 127, 98)
(138, 194, 203)
(154, 168, 40)
(73, 236, 215)
(85, 184, 180)
(188, 30, 27)
(201, 36, 112)
(218, 199, 201)
(149, 52, 130)
(249, 10, 0)
(69, 33, 198)
(198, 104, 13)
(14, 148, 146)
(151, 170, 216)
(206, 81, 34)
(239, 70, 17)
(124, 56, 175)
(105, 110, 25)
(36, 47, 40)
(211, 133, 71)
(234, 42, 214)
(44, 54, 173)
(135, 52, 25)
(94, 76, 109)
(247, 30, 188)
(153, 190, 162)
(33, 210, 38)
(171, 182, 63)
(238, 144, 219)
(52, 100, 21)
(119, 162, 229)
(116, 62, 29)
(132, 147, 169)
(211, 141, 71)
(15, 213, 237)
(174, 73, 71)
(123, 86, 36)
(3, 224, 208)
(195, 99, 122)
(246, 136, 3)
(181, 94, 190)
(40, 148, 202)
(126, 188, 214)
(226, 39, 117)
(71, 226, 5)
(46, 11, 45)
(194, 255, 0)
(77, 225, 242)
(101, 242, 164)
(153, 50, 227)
(81, 128, 139)
(247, 237, 75)
(224, 90, 42)
(4, 12, 203)
(234, 21, 230)
(60, 23, 155)
(16, 15, 130)
(35, 35, 103)
(13, 196, 230)
(180, 254, 168)
(170, 91, 225)
(26, 95, 130)
(254, 186, 236)
(217, 152, 30)
(111, 150, 3)
(133, 125, 32)
(59, 63, 150)
(10, 224, 136)
(163, 140, 85)
(49, 72, 148)
(114, 246, 136)
(164, 38, 17)
(87, 9, 23)
(132, 199, 191)
(170, 4, 178)
(101, 64, 32)
(161, 41, 49)
(147, 172, 230)
(88, 165, 129)
(153, 217, 106)
(93, 68, 143)
(152, 189, 191)
(207, 159, 204)
(228, 140, 97)
(45, 42, 115)
(9, 233, 80)
(185, 106, 237)
(111, 141, 144)
(95, 239, 60)
(139, 32, 121)
(99, 127, 159)
(64, 5, 248)
(0, 198, 236)
(66, 9, 225)
(227, 175, 14)
(73, 15, 207)
(137, 32, 253)
(141, 89, 173)
(60, 177, 202)
(131, 218, 111)
(46, 131, 63)
(243, 198, 230)
(117, 251, 219)
(234, 222, 218)
(195, 125, 136)
(235, 133, 162)
(152, 121, 178)
(77, 235, 118)
(117, 196, 173)
(216, 114, 234)
(114, 45, 220)
(25, 201, 18)
(51, 25, 246)
(216, 195, 222)
(79, 219, 184)
(74, 50, 40)
(57, 65, 252)
(128, 193, 221)
(190, 109, 24)
(255, 43, 65)
(11, 202, 136)
(68, 209, 169)
(77, 111, 8)
(93, 96, 249)
(111, 8, 64)
(245, 53, 52)
(169, 179, 53)
(40, 235, 6)
(70, 243, 90)
(82, 170, 18)
(73, 249, 34)
(252, 47, 78)
(59, 71, 20)
(10, 102, 8)
(77, 65, 36)
(108, 122, 197)
(87, 35, 8)
(148, 219, 122)
(176, 136, 202)
(142, 215, 66)
(49, 237, 233)
(57, 23, 31)
(82, 34, 20)
(79, 160, 52)
(37, 116, 21)
(163, 179, 209)
(81, 171, 237)
(120, 45, 44)
(221, 201, 229)
(206, 68, 43)
(159, 241, 252)
(8, 216, 109)
(67, 150, 238)
(97, 155, 139)
(18, 235, 8)
(147, 94, 11)
(110, 230, 53)
(32, 102, 47)
(206, 63, 115)
(34, 143, 140)
(10, 178, 253)
(117, 133, 254)
(125, 198, 163)
(189, 8, 123)
(17, 219, 177)
(211, 157, 171)
(106, 190, 28)
(165, 239, 143)
(168, 57, 163)
(204, 76, 11)
(109, 151, 197)
(111, 141, 56)
(65, 23, 23)
(232, 135, 189)
(134, 144, 15)
(187, 139, 184)
(193, 248, 64)
(204, 123, 55)
(61, 138, 147)
(94, 66, 208)
(146, 206, 64)
(158, 238, 104)
(39, 187, 36)
(177, 208, 193)
(150, 56, 87)
(80, 50, 81)
(158, 69, 43)
(93, 117, 56)
(213, 65, 168)
(131, 75, 165)
(7, 43, 130)
(9, 151, 186)
(27, 110, 186)
(234, 110, 107)
(190, 185, 228)
(197, 195, 208)
(157, 110, 85)
(105, 241, 107)
(154, 77, 75)
(170, 156, 224)
(66, 14, 127)
(3, 0, 41)
(103, 22, 50)
(73, 90, 106)
(66, 158, 16)
(129, 96, 72)
(49, 116, 175)
(120, 200, 107)
(14, 37, 73)
(80, 234, 12)
(237, 210, 79)
(154, 95, 245)
(193, 187, 104)
(10, 105, 65)
(185, 68, 86)
(89, 65, 188)
(65, 27, 141)
(243, 196, 157)
(112, 191, 49)
(53, 214, 70)
(18, 103, 72)
(31, 163, 175)
(119, 124, 90)
(51, 96, 124)
(200, 245, 105)
(16, 85, 111)
(146, 80, 138)
(159, 224, 113)
(212, 180, 73)
(141, 112, 197)
(205, 193, 155)
(206, 233, 52)
(229, 53, 171)
(71, 222, 117)
(214, 107, 114)
(61, 9, 226)
(137, 215, 134)
(234, 238, 221)
(34, 4, 237)
(173, 199, 33)
(27, 253, 70)
(252, 146, 86)
(82, 250, 212)
(125, 217, 6)
(107, 38, 21)
(13, 159, 227)
(227, 139, 235)
(128, 120, 254)
(172, 171, 188)
(84, 140, 245)
(146, 153, 65)
(80, 144, 128)
(187, 124, 8)
(223, 91, 11)
(138, 119, 96)
(9, 101, 41)
(123, 229, 143)
(213, 77, 207)
(204, 120, 208)
(140, 17, 58)
(13, 183, 26)
(68, 81, 78)
(152, 183, 181)
(142, 158, 146)
(82, 15, 43)
(131, 8, 176)
(155, 49, 194)
(68, 219, 155)
(179, 198, 245)
(48, 219, 96)
(136, 23, 86)
(136, 247, 133)
(236, 74, 163)
(185, 163, 1)
(67, 191, 37)
(106, 1, 243)
(232, 194, 74)
(254, 145, 187)
(229, 134, 63)
(207, 132, 165)
(140, 210, 89)
(38, 234, 236)
(113, 159, 221)
(51, 250, 156)
(106, 32, 206)
(232, 40, 187)
(242, 5, 163)
(187, 36, 75)
(215, 242, 147)
(31, 212, 227)
(64, 96, 164)
(44, 33, 130)
(152, 167, 49)
(66, 67, 35)
(44, 33, 26)
(120, 123, 134)
(126, 155, 93)
(94, 199, 145)
(208, 122, 60)
(129, 156, 187)
(155, 117, 177)
(186, 167, 47)
(189, 205, 232)
(105, 25, 142)
(193, 72, 147)
(247, 112, 46)
(56, 134, 152)
(237, 129, 56)
(23, 206, 73)
(195, 239, 158)
(149, 48, 111)
(39, 247, 164)
(26, 231, 57)
(61, 141, 36)
(202, 201, 254)
(154, 14, 248)
(160, 168, 123)
(42, 50, 236)
(39, 251, 85)
(215, 61, 143)
(160, 211, 176)
(60, 86, 128)
(236, 29, 87)
(28, 36, 121)
(140, 108, 83)
(62, 156, 106)
(216, 40, 218)
(113, 15, 44)
(58, 92, 134)
(166, 157, 211)
(210, 146, 160)
(173, 163, 5)
(139, 195, 121)
(214, 236, 138)
(155, 203, 45)
(231, 106, 174)
(170, 107, 7)
(118, 112, 222)
(237, 27, 153)
(210, 200, 102)
(175, 97, 212)
(120, 22, 162)
(22, 63, 187)
(253, 247, 90)
(36, 96, 247)
(39, 232, 172)
(63, 131, 176)
(173, 72, 128)
(127, 6, 171)
(34, 242, 245)
(230, 218, 201)
(83, 9, 244)
(77, 58, 230)
(100, 107, 220)
(88, 164, 19)
(138, 244, 174)
(168, 64, 143)
(254, 201, 8)
(238, 67, 155)
(201, 237, 55)
(13, 164, 154)
(11, 174, 97)
(8, 236, 47)
(156, 182, 123)
(50, 17, 91)
(186, 187, 160)
(232, 87, 209)
(213, 47, 54)
(89, 59, 146)
(112, 154, 96)
(19, 109, 249)
(98, 49, 162)
(28, 167, 100)
(183, 69, 10)
(112, 99, 84)
(124, 139, 98)
(246, 244, 104)
(118, 72, 102)
(229, 71, 74)
(68, 134, 93)
(5, 223, 186)
(234, 135, 82)
(122, 213, 85)
(243, 162, 111)
(134, 127, 234)
(221, 3, 104)
(203, 1, 118)
(42, 31, 135)
(94, 148, 218)
(8, 154, 252)
(131, 13, 164)
(180, 101, 219)
(170, 15, 77)
(119, 73, 27)
(179, 65, 5)
(137, 144, 138)
(125, 241, 103)
(23, 145, 197)
(151, 121, 188)
(48, 73, 211)
(158, 127, 66)
(25, 228, 106)
(168, 216, 205)
(104, 119, 85)
(81, 112, 174)
(61, 72, 179)
(196, 113, 37)
(175, 176, 193)
(196, 81, 123)
(40, 36, 207)
(224, 8, 31)
(118, 6, 184)
(42, 189, 208)
(159, 31, 160)
(233, 192, 76)
(170, 35, 95)
(24, 105, 127)
(13, 160, 61)
(178, 242, 249)
(130, 61, 108)
(224, 254, 57)
(169, 14, 237)
(129, 0, 161)
(166, 230, 198)
(146, 69, 220)
(4, 143, 230)
(102, 119, 131)
(141, 171, 62)
(102, 121, 222)
(68, 122, 230)
(46, 33, 210)
(66, 178, 146)
(220, 2, 166)
(51, 159, 239)
(18, 101, 29)
(39, 13, 89)
(231, 30, 61)
(19, 56, 122)
(209, 147, 2)
(36, 101, 165)
(102, 81, 67)
(251, 36, 25)
(254, 49, 180)
(199, 69, 146)
(121, 232, 59)
(78, 225, 79)
(202, 138, 183)
(238, 159, 114)
(146, 247, 216)
(119, 202, 39)
(230, 116, 182)
(141, 230, 182)
(253, 198, 215)
(238, 10, 225)
(239, 211, 215)
(58, 64, 147)
(137, 88, 82)
(153, 78, 45)
(0, 126, 109)
(124, 168, 209)
(165, 223, 46)
(125, 215, 20)
(61, 232, 181)
(218, 69, 217)
(212, 180, 78)
(224, 196, 95)
(152, 189, 113)
(199, 101, 9)
(217, 165, 9)
(70, 98, 8)
(92, 52, 137)
(236, 90, 177)
(58, 48, 25)
(36, 240, 82)
(143, 31, 193)
(72, 148, 70)
(142, 71, 10)
(198, 141, 223)
(203, 88, 65)
(36, 227, 128)
(95, 40, 11)
(209, 141, 25)
(69, 180, 173)
(217, 141, 147)
(106, 238, 135)
(243, 17, 254)
(201, 215, 155)
(27, 222, 38)
(192, 127, 62)
(141, 199, 239)
(84, 23, 216)
(234, 230, 89)
(183, 133, 151)
(30, 223, 243)
(73, 49, 173)
(222, 120, 44)
(71, 220, 186)
(124, 27, 158)
(31, 4, 218)
(224, 207, 112)
(116, 210, 94)
(201, 186, 170)
(128, 16, 176)
(62, 0, 53)
(61, 49, 33)
(79, 149, 205)
(157, 176, 130)
(66, 80, 212)
(199, 9, 141)
(246, 37, 190)
(70, 106, 194)
(25, 77, 57)
(58, 5, 159)
(186, 84, 222)
(222, 146, 71)
(223, 219, 177)
(9, 49, 65)
(246, 228, 209)
(36, 124, 106)
(121, 93, 101)
(109, 230, 6)
(139, 184, 198)
(41, 115, 62)
(164, 115, 121)
(126, 232, 169)
(16, 185, 169)
(76, 248, 147)
(87, 156, 33)
(135, 18, 5)
(13, 230, 236)
(110, 78, 37)
(80, 1, 123)
(201, 43, 162)
(59, 124, 86)
(42, 100, 70)
(61, 220, 139)
(236, 30, 125)
(82, 135, 68)
(111, 241, 23)
(59, 195, 141)
(149, 0, 17)
(41, 101, 174)
(9, 187, 233)
(253, 170, 119)
(186, 254, 2)
(254, 215, 66)
(57, 116, 225)
(225, 109, 217)
(239, 9, 178)
(145, 27, 153)
(73, 176, 185)
(53, 27, 119)
(12, 233, 72)
(11, 89, 237)
(74, 140, 86)
(16, 10, 92)
(16, 191, 81)
(114, 58, 230)
(83, 57, 139)
(247, 166, 60)
(175, 19, 23)
(147, 217, 177)
(37, 169, 216)
(166, 136, 12)
(142, 135, 151)
(162, 59, 53)
(100, 59, 136)
(89, 188, 175)
(169, 194, 146)
(79, 109, 216)
(161, 149, 37)
(176, 255, 73)
(53, 194, 68)
(232, 30, 122)
(75, 102, 93)
(65, 66, 236)
(55, 94, 190)
(211, 93, 240)
(150, 116, 159)
(216, 224, 113)
(133, 49, 48)
(123, 74, 126)
(135, 151, 246)
(29, 0, 121)
(114, 33, 28)
(142, 28, 16)
(198, 154, 131)
(174, 18, 1)
(126, 47, 138)
(110, 0, 194)
(224, 60, 174)
(106, 108, 136)
(45, 248, 116)
(136, 237, 255)
(41, 199, 202)
(161, 20, 200)
(172, 161, 53)
(43, 18, 84)
(141, 130, 88)
(201, 232, 180)
(183, 148, 24)
(190, 22, 106)
(77, 7, 209)
(72, 89, 19)
(247, 33, 142)
(164, 19, 233)
(175, 247, 29)
(64, 179, 62)
(80, 223, 214)
(12, 237, 174)
(45, 22, 165)
(62, 10, 147)
(209, 28, 142)
(94, 136, 42)
(170, 180, 250)
(73, 91, 251)
(117, 239, 198)
(167, 77, 150)
(25, 198, 8)
(85, 154, 10)
(199, 127, 161)
(2, 207, 144)
(118, 20, 107)
(51, 232, 192)
(217, 119, 33)
(176, 35, 57)
(46, 42, 202)
(53, 233, 92)
(102, 65, 69)
(58, 228, 78)
(143, 230, 164)
(252, 45, 254)
(47, 31, 24)
(108, 87, 110)
(254, 130, 165)
(191, 177, 86)
(63, 255, 49)
(18, 93, 25)
(91, 222, 108)
(246, 105, 182)
(11, 196, 98)
(252, 69, 250)
(178, 253, 82)
(115, 226, 173)
(133, 160, 123)
(98, 70, 11)
(110, 100, 66)
(182, 45, 8)
(93, 103, 147)
(56, 14, 218)
(18, 62, 224)
(36, 26, 69)
(171, 38, 63)
(34, 15, 127)
(191, 97, 129)
(17, 88, 200)
(22, 243, 15)
(115, 255, 26)
(175, 14, 68)
(157, 20, 83)
(45, 70, 55)
(116, 170, 143)
(127, 236, 192)
(205, 11, 15)
(7, 216, 50)
(76, 201, 103)
(28, 54, 246)
(174, 39, 124)
(118, 14, 93)
(100, 178, 208)
(133, 24, 97)
(227, 195, 196)
(64, 209, 188)
(166, 201, 41)
(173, 214, 197)
(139, 178, 112)
(234, 14, 141)
(39, 127, 91)
(243, 167, 172)
(162, 192, 135)
(109, 130, 4)
(226, 37, 190)
(198, 65, 67)
(90, 221, 37)
(172, 34, 197)
(8, 185, 241)
(148, 59, 237)
(95, 47, 164)
(56, 28, 50)
(120, 64, 178)
(67, 171, 228)
(111, 106, 135)
(98, 200, 146)
(150, 80, 38)
(44, 124, 222)
(102, 40, 120)
(177, 106, 227)
(104, 139, 54)
(84, 120, 162)
(211, 225, 94)
(160, 98, 251)
(231, 183, 120)
(211, 246, 235)
(68, 28, 156)
(81, 240, 15)
(108, 135, 72)
(110, 25, 230)
(14, 9, 174)
(93, 46, 54)
(84, 32, 10)
(158, 205, 51)
(218, 175, 169)
(134, 212, 162)
(127, 120, 89)
(56, 217, 186)
(10, 56, 232)
(189, 114, 224)
(144, 105, 111)
(135, 8, 44)
(20, 199, 141)
(228, 241, 150)
(180, 14, 139)
(199, 27, 10)
(16, 235, 136)
(138, 128, 95)
(139, 32, 161)
(161, 110, 209)
(14, 239, 224)
(228, 12, 99)
(51, 40, 21)
(12, 0, 181)
(87, 180, 128)
(84, 246, 125)
(235, 70, 243)
(163, 165, 121)
(78, 97, 215)
(183, 150, 232)
(101, 141, 74)
(77, 169, 247)
(154, 211, 188)
(147, 118, 99)
(18, 124, 106)
(173, 221, 160)
(166, 10, 26)
(33, 198, 50)
(206, 1, 85)
(124, 160, 253)
(221, 190, 214)
(213, 24, 230)
(170, 64, 33)
(119, 176, 71)
(235, 19, 148)
(146, 132, 87)
(233, 24, 197)
(146, 166, 55)
(11, 245, 47)
(20, 118, 163)
(63, 101, 219)
(216, 82, 101)
(121, 156, 209)
(45, 11, 51)
(114, 92, 13)
(169, 63, 6)
(207, 46, 94)
(75, 34, 72)
(200, 159, 89)
(151, 28, 7)
(157, 125, 105)
(207, 33, 139)
(220, 83, 150)
(6, 137, 115)
(223, 8, 132)
(35, 64, 194)
(248, 183, 35)
(118, 200, 142)
(212, 182, 236)
(40, 252, 35)
(125, 81, 63)
(128, 27, 253)
(150, 255, 55)
(142, 210, 161)
(51, 15, 185)
(47, 104, 113)
(171, 94, 0)
(103, 78, 3)
(182, 32, 46)
(248, 15, 56)
(33, 134, 48)
(168, 181, 139)
(6, 221, 254)
(125, 236, 157)
(252, 177, 51)
(93, 9, 202)
(134, 59, 187)
(218, 121, 214)
(128, 202, 45)
(6, 118, 57)
(123, 52, 220)
(121, 132, 9)
(242, 137, 23)
(132, 7, 0)
(207, 102, 77)
(64, 181, 200)
(149, 151, 101)
(228, 101, 213)
(103, 123, 0)
(53, 54, 136)
(12, 199, 182)
(29, 2, 25)
(17, 3, 174)
(33, 8, 249)
(92, 70, 78)
(99, 156, 236)
(229, 110, 64)
(255, 47, 157)
(51, 144, 100)
(244, 229, 79)
(108, 242, 225)
(244, 71, 146)
(155, 171, 153)
(214, 100, 147)
(53, 227, 130)
(182, 201, 70)
(101, 38, 153)
(157, 135, 224)
(42, 101, 202)
(134, 239, 142)
(155, 64, 150)
(130, 173, 245)
(36, 120, 107)
(200, 45, 68)
(156, 21, 223)
(230, 208, 209)
(206, 29, 137)
(75, 27, 18)
(177, 154, 4)
(184, 227, 181)
(12, 149, 216)
(253, 123, 79)
(207, 57, 213)
(117, 31, 178)
(235, 225, 13)
(151, 171, 71)
(252, 48, 102)
(97, 250, 178)
(77, 209, 238)
(158, 241, 122)
(101, 217, 87)
(103, 125, 73)
(22, 91, 43)
(212, 235, 77)
(198, 13, 54)
(119, 66, 147)
(11, 41, 204)
(196, 168, 188)
(186, 142, 134)
(117, 72, 167)
(78, 142, 58)
(225, 158, 179)
(134, 46, 124)
(125, 199, 15)
(45, 158, 204)
(172, 224, 99)
(91, 148, 50)
(224, 64, 2)
(57, 185, 209)
(8, 245, 62)
(89, 70, 241)
(59, 179, 45)
(240, 12, 245)
(225, 211, 202)
(66, 92, 92)
(130, 126, 19)
(130, 20, 155)
(210, 146, 68)
(95, 187, 132)
(130, 133, 23)
(84, 231, 77)
(7, 224, 210)
(62, 133, 85)
(41, 108, 39)
(124, 76, 208)
(25, 53, 120)
(68, 126, 220)
(191, 42, 194)
(202, 103, 193)
(52, 106, 47)
(137, 77, 158)
(158, 62, 92)
(142, 220, 53)
(162, 247, 147)
(18, 15, 116)
(131, 164, 67)
(93, 26, 146)
(45, 175, 59)
(107, 3, 51)
(187, 38, 77)
(53, 47, 197)
(67, 179, 111)
(166, 37, 199)
(31, 195, 252)
(183, 174, 141)
(132, 129, 211)
(168, 150, 87)
(27, 192, 70)
(20, 101, 239)
(61, 55, 90)
(119, 67, 43)
(15, 137, 7)
(252, 29, 122)
(181, 100, 105)
(62, 182, 90)
(138, 218, 123)
(243, 202, 92)
(179, 208, 103)
(61, 222, 196)
(197, 119, 145)
(72, 224, 62)
(4, 3, 24)
(130, 234, 45)
(249, 116, 146)
(152, 6, 237)
(218, 239, 157)
(161, 118, 166)
(78, 84, 168)
(121, 172, 24)
(175, 43, 77)
(52, 183, 34)
(224, 199, 120)
(23, 233, 216)
(224, 106, 242)
(120, 143, 236)
(17, 247, 72)
(211, 135, 198)
(182, 199, 147)
(27, 7, 236)
(146, 129, 49)
(216, 43, 182)
(253, 230, 239)
(184, 45, 242)
(160, 148, 123)
(255, 197, 226)
(87, 35, 223)
(122, 26, 16)
(177, 107, 119)
(85, 156, 48)
(218, 133, 201)
(51, 180, 195)
(207, 194, 100)
(57, 141, 248)
(225, 28, 204)
(112, 247, 178)
(163, 171, 178)
(170, 94, 74)
(207, 225, 246)
(0, 34, 54)
(152, 197, 172)
(199, 173, 120)
(114, 48, 156)
(204, 216, 154)
(71, 129, 3)
(67, 200, 68)
(142, 197, 86)
(247, 50, 135)
(49, 231, 153)
(104, 20, 102)
(253, 108, 174)
(121, 28, 39)
(140, 45, 43)
(95, 60, 0)
(105, 158, 242)
(95, 124, 244)
(113, 92, 41)
(84, 230, 205)
(176, 158, 242)
(200, 31, 186)
(212, 79, 151)
(173, 10, 206)
(2, 235, 251)
(145, 28, 117)
(82, 184, 18)
(213, 201, 112)
(11, 47, 181)
(255, 76, 184)
(233, 196, 226)
(69, 216, 140)
(148, 233, 205)
(53, 28, 171)
(142, 157, 61)
(181, 80, 149)
(252, 82, 147)
(59, 4, 6)
(105, 224, 95)
(157, 60, 96)
(148, 136, 243)
(18, 92, 202)
(255, 193, 114)
(55, 38, 88)
(117, 143, 8)
(96, 103, 102)
(230, 79, 107)
(250, 9, 49)
(143, 228, 159)
(107, 42, 65)
(41, 157, 51)
(171, 4, 172)
(10, 77, 106)
(225, 82, 66)
(111, 202, 213)
(105, 177, 181)
(171, 238, 6)
(229, 189, 159)
(212, 146, 125)
(68, 220, 182)
(7, 194, 244)
(84, 128, 175)
(63, 242, 89)
(165, 112, 21)
(15, 95, 214)
(255, 50, 100)
(68, 82, 4)
(82, 75, 76)
(92, 101, 96)
(63, 30, 42)
(139, 34, 181)
(167, 197, 237)
(1, 79, 10)
(103, 108, 5)
(205, 221, 115)
(134, 94, 246)
(181, 36, 25)
(12, 194, 203)
(197, 125, 33)
(251, 91, 20)
(47, 103, 200)
(112, 25, 171)
(255, 83, 187)
(203, 135, 234)
(203, 181, 34)
(237, 71, 211)
(71, 111, 61)
(79, 67, 219)
(187, 191, 219)
(35, 65, 134)
(246, 54, 87)
(171, 232, 19)
(215, 122, 192)
(164, 72, 183)
(150, 215, 137)
(210, 1, 47)
(184, 1, 56)
(15, 238, 101)
(146, 113, 159)
(15, 205, 157)
(150, 8, 195)
(184, 177, 141)
(243, 159, 152)
(201, 10, 190)
(156, 170, 215)
(20, 127, 89)
(187, 51, 92)
(11, 180, 126)
(61, 71, 22)
(82, 96, 165)
(211, 16, 78)
(212, 245, 29)
(174, 57, 125)
(136, 238, 38)
(227, 170, 211)
(201, 143, 36)
(111, 57, 96)
(180, 193, 140)
(119, 191, 212)
(114, 169, 102)
(125, 95, 201)
(47, 130, 20)
(80, 14, 5)
(6, 4, 57)
(214, 204, 245)
(170, 81, 130)
(101, 167, 87)
(8, 139, 87)
(6, 255, 161)
(64, 90, 127)
(48, 192, 146)
(147, 248, 173)
(78, 49, 227)
(135, 213, 76)
(219, 231, 2)
(236, 183, 52)
(16, 172, 65)
(184, 186, 70)
(89, 50, 195)
(158, 3, 65)
(23, 58, 232)
(242, 13, 0)
(131, 95, 63)
(97, 175, 70)
(32, 182, 28)
(237, 108, 152)
(198, 193, 1)
(31, 89, 170)
(74, 150, 221)
(142, 190, 140)
(120, 203, 27)
(157, 182, 113)
(25, 220, 174)
(10, 219, 255)
(212, 2, 124)
(225, 192, 230)
(168, 13, 148)
(217, 74, 66)
(63, 185, 146)
(224, 46, 226)
(44, 251, 189)
(148, 75, 44)
(24, 187, 24)
(88, 219, 211)
(112, 139, 23)
(107, 145, 208)
(97, 150, 231)
(80, 73, 220)
(98, 54, 67)
(170, 159, 186)
(147, 104, 52)
(70, 55, 225)
(247, 162, 120)
(34, 125, 170)
(245, 155, 134)
(170, 130, 94)
(170, 88, 217)
(46, 163, 62)
(47, 47, 217)
(18, 57, 66)
(156, 223, 121)
(29, 113, 130)
(178, 64, 230)
(65, 206, 233)
(208, 92, 92)
(154, 135, 82)
(20, 238, 241)
(65, 36, 130)
(117, 73, 160)
(83, 208, 52)
(164, 105, 99)
(92, 144, 190)
(143, 30, 180)
(112, 236, 220)
(161, 86, 75)
(46, 101, 166)
(231, 7, 219)
(225, 77, 19)
(62, 193, 43)
(244, 106, 218)
(85, 235, 160)
(159, 170, 133)
(136, 59, 185)
(110, 16, 214)
(56, 13, 71)
(64, 229, 111)
(66, 5, 225)
(224, 3, 40)
(169, 134, 177)
(213, 107, 228)
(43, 6, 146)
(23, 84, 111)
(209, 123, 179)
(232, 253, 151)
(145, 214, 164)
(127, 68, 136)
(57, 113, 229)
(212, 89, 48)
(143, 218, 158)
(105, 169, 140)
(69, 176, 156)
(73, 3, 148)
(123, 114, 92)
(137, 61, 160)
(254, 235, 176)
(19, 53, 11)
(154, 83, 221)
(146, 230, 83)
(158, 124, 58)
(168, 45, 189)
(7, 206, 78)
(8, 14, 108)
(132, 52, 105)
(77, 160, 116)
(126, 37, 60)
(73, 184, 114)
(47, 20, 153)
(238, 37, 2)
(147, 98, 192)
(200, 63, 93)
(125, 174, 25)
(213, 163, 44)
(151, 16, 165)
(148, 74, 164)
(163, 46, 209)
(83, 126, 53)
(103, 73, 150)
(70, 8, 215)
(195, 251, 239)
(195, 173, 3)
(183, 51, 117)
(81, 148, 180)
(194, 152, 110)
(183, 124, 162)
(41, 18, 232)
(64, 187, 111)
(161, 48, 22)
(212, 63, 208)
(239, 173, 83)
(176, 226, 229)
(17, 170, 188)
(179, 108, 119)
(205, 165, 4)
(8, 15, 151)
(240, 16, 120)
(217, 177, 186)
(55, 32, 135)
(150, 168, 92)
(194, 229, 117)
(37, 5, 88)
(139, 246, 249)
(140, 171, 155)
(110, 77, 66)
(17, 36, 31)
(41, 30, 168)
(198, 73, 208)
(217, 45, 11)
(243, 195, 230)
(141, 78, 81)
(50, 166, 70)
(240, 232, 113)
(113, 136, 161)
(148, 138, 221)
(38, 198, 205)
(163, 214, 130)
(86, 247, 160)
(236, 148, 3)
(47, 4, 154)
(236, 43, 29)
(91, 198, 86)
(50, 230, 223)
(45, 89, 145)
(201, 183, 133)
(6, 219, 21)
(140, 152, 107)
(121, 124, 16)
(89, 153, 71)
(134, 145, 119)
(242, 209, 221)
(66, 96, 214)
(130, 243, 27)
(218, 106, 19)
(242, 174, 195)
(241, 3, 91)
(164, 234, 211)
(115, 17, 63)
(202, 70, 250)
(147, 156, 70)
(46, 54, 214)
(181, 74, 33)
(2, 141, 209)
(235, 166, 95)
(250, 225, 135)
(7, 27, 145)
(206, 200, 90)
(14, 12, 144)
(17, 46, 70)
(35, 151, 99)
(1, 105, 145)
(40, 216, 152)
(93, 166, 207)
(111, 27, 33)
(53, 97, 205)
(106, 238, 252)
(64, 10, 111)
(31, 192, 73)
(24, 192, 29)
(12, 84, 97)
(78, 10, 62)
(76, 143, 38)
(246, 83, 169)
(245, 117, 67)
(149, 152, 27)
(26, 254, 132)
(45, 187, 9)
(106, 217, 147)
(103, 37, 40)
(239, 130, 24)
(243, 93, 38)
(152, 148, 207)
(224, 28, 65)
(112, 202, 191)
(127, 186, 161)
(53, 7, 66)
(211, 36, 215)
(92, 73, 145)
(45, 129, 154)
(106, 43, 99)
(68, 236, 192)
(73, 103, 26)
(94, 253, 255)
(82, 35, 173)
(162, 165, 147)
(25, 116, 180)
(155, 127, 70)
(204, 139, 81)
(143, 133, 95)
(242, 121, 132)
(190, 177, 129)
(92, 185, 252)
(185, 235, 89)
(66, 52, 117)
(140, 254, 49)
(145, 250, 128)
(215, 253, 102)
(61, 189, 231)
(113, 52, 65)
(95, 146, 38)
(78, 43, 218)
(65, 149, 177)
(9, 54, 162)
(28, 55, 86)
(102, 35, 16)
(115, 254, 15)
(96, 220, 12)
(169, 15, 225)
(135, 229, 164)
(102, 29, 34)
(24, 238, 47)
(59, 125, 207)
(126, 150, 19)
(94, 99, 19)
(246, 45, 143)
(77, 138, 4)
(61, 41, 233)
(215, 123, 194)
(53, 116, 242)
(246, 214, 50)
(197, 212, 183)
(91, 150, 7)
(16, 237, 128)
(51, 98, 105)
(246, 35, 191)
(156, 193, 208)
(36, 133, 193)
(76, 194, 71)
(247, 27, 81)
(99, 167, 35)
(158, 51, 195)
(99, 69, 172)
(65, 67, 153)
(200, 222, 22)
(47, 101, 164)
(54, 9, 50)
(121, 216, 22)
(81, 106, 6)
(66, 145, 82)
(137, 236, 190)
(228, 99, 100)
(169, 61, 61)
(121, 87, 20)
(145, 90, 17)
(45, 153, 217)
(219, 100, 249)
(114, 91, 37)
(95, 52, 41)
(52, 222, 230)
(43, 26, 105)
(5, 114, 49)
(219, 33, 13)
(219, 215, 160)
(128, 31, 28)
(37, 223, 223)
(194, 104, 93)
(232, 252, 9)
(82, 57, 73)
(111, 188, 33)
(66, 34, 144)
(57, 58, 6)
(223, 250, 39)
(46, 47, 105)
(141, 101, 124)
(200, 242, 6)
(74, 11, 7)
(168, 163, 255)
(24, 89, 111)
(61, 200, 124)
(100, 56, 207)
(221, 140, 102)
(190, 111, 216)
(88, 109, 186)
(214, 164, 233)
(10, 136, 217)
(210, 226, 215)
(131, 6, 69)
(215, 59, 176)
(188, 7, 172)
(119, 5, 32)
(214, 101, 147)
(218, 242, 146)
(30, 213, 95)
(233, 26, 192)
(112, 169, 170)
(147, 137, 234)
(166, 198, 229)
(43, 138, 222)
(52, 86, 75)
(164, 219, 123)
(100, 160, 47)
(132, 243, 210)
(196, 20, 67)
(230, 124, 82)
(8, 177, 73)
(130, 199, 164)
(199, 189, 107)
(170, 160, 118)
(122, 119, 22)
(216, 149, 228)
(56, 228, 181)
(98, 233, 166)
(17, 73, 12)
(255, 67, 253)
(56, 114, 189)
(126, 4, 54)
(166, 115, 119)
(10, 21, 245)
(11, 92, 204)
(214, 250, 129)
(40, 4, 47)
(122, 149, 154)
(173, 223, 32)
(109, 180, 234)
(104, 49, 55)
(189, 26, 255)
(97, 106, 20)
(37, 154, 225)
(33, 88, 0)
(208, 47, 68)
(85, 109, 254)
(129, 94, 42)
(131, 158, 189)
(237, 31, 201)
(116, 83, 123)
(49, 16, 217)
(158, 239, 248)
(77, 136, 71)
(12, 70, 14)
(42, 182, 172)
(61, 99, 248)
(68, 25, 47)
(59, 218, 180)
(177, 55, 146)
(87, 103, 126)
(167, 184, 92)
(107, 232, 89)
(202, 125, 243)
(131, 112, 180)
(158, 110, 106)
(219, 79, 179)
(20, 86, 15)
(139, 51, 234)
(56, 163, 70)
(17, 165, 161)
(57, 198, 142)
(67, 167, 51)
(77, 31, 159)
(77, 137, 245)
(224, 6, 31)
(157, 254, 29)
(59, 155, 229)
(91, 3, 248)
(161, 175, 102)
(128, 79, 98)
(122, 76, 30)
(71, 133, 39)
(37, 0, 7)
(11, 164, 73)
(13, 65, 229)
(158, 72, 60)
(178, 218, 56)
(214, 35, 237)
(115, 52, 250)
(198, 182, 241)
(17, 95, 90)
(151, 136, 30)
(81, 211, 71)
(157, 187, 70)
(127, 203, 216)
(98, 175, 246)
(176, 111, 102)
(142, 108, 175)
(79, 203, 84)
(149, 46, 99)
(27, 204, 119)
(183, 126, 33)
(70, 117, 140)
(27, 47, 125)
(191, 149, 252)
(123, 14, 8)
(180, 116, 18)
(41, 230, 45)
(209, 151, 233)
(98, 51, 29)
(23, 181, 141)
(236, 24, 150)
(127, 138, 206)
(194, 9, 66)
(254, 160, 12)
(147, 104, 12)
(4, 179, 113)
(115, 61, 121)
(181, 149, 147)
(196, 49, 48)
(174, 4, 16)
(132, 96, 58)
(172, 52, 35)
(113, 63, 199)
(199, 214, 105)
(198, 44, 233)
(94, 154, 213)
(241, 227, 193)
(9, 135, 104)
(57, 187, 28)
(123, 163, 240)
(238, 224, 252)
(76, 153, 225)
(151, 121, 33)
(150, 151, 135)
(233, 120, 151)
(112, 253, 4)
(172, 27, 55)
(208, 105, 29)
(121, 233, 250)
(242, 65, 161)
(25, 167, 166)
(186, 69, 84)
(249, 54, 23)
(104, 136, 131)
(223, 148, 126)
(131, 38, 161)
(79, 165, 116)
(168, 251, 187)
(1, 13, 56)
(62, 186, 83)
(134, 69, 16)
(110, 70, 24)
(161, 176, 61)
(67, 239, 67)
(2, 23, 250)
(74, 83, 154)
(196, 140, 64)
(152, 43, 1)
(201, 241, 136)
(199, 119, 155)
(185, 232, 255)
(234, 115, 133)
(76, 230, 151)
(51, 12, 20)
(169, 253, 189)
(205, 170, 110)
(11, 7, 166)
(169, 28, 222)
(1, 128, 158)
(234, 134, 238)
(72, 152, 126)
(191, 177, 147)
(255, 245, 3)
(207, 33, 96)
(87, 150, 124)
(248, 242, 157)
(202, 222, 37)
(97, 199, 87)
(114, 85, 210)
(39, 96, 177)
(222, 111, 147)
(215, 58, 244)
(238, 200, 109)
(206, 120, 241)
(165, 16, 221)
(183, 146, 244)
(182, 132, 66)
(192, 175, 187)
(114, 220, 99)
(102, 151, 186)
(14, 32, 210)
(185, 219, 8)
(63, 140, 0)
(105, 222, 210)
(178, 111, 113)
(4, 52, 66)
(241, 139, 18)
(22, 243, 156)
(255, 12, 253)
(187, 95, 253)
(48, 189, 112)
(109, 138, 94)
(94, 156, 148)
(15, 92, 48)
(85, 23, 16)
(35, 187, 146)
(45, 188, 205)
(133, 10, 122)
(206, 249, 118)
(33, 236, 37)
(140, 190, 104)
(60, 135, 234)
(108, 115, 29)
(70, 0, 172)
(5, 70, 60)
(223, 16, 67)
(137, 89, 233)
(128, 248, 28)
(156, 188, 182)
(233, 176, 187)
(247, 206, 216)
(110, 213, 246)
(83, 88, 17)
(173, 220, 134)
(84, 187, 85)
(197, 106, 1)
(148, 49, 170)
(14, 205, 126)
(236, 170, 147)
(161, 118, 219)
(242, 159, 216)
(8, 12, 202)
(227, 175, 128)
(36, 127, 143)
(126, 3, 216)
(48, 242, 64)
(133, 207, 3)
(165, 206, 43)
(3, 143, 71)
(179, 194, 6)
(15, 142, 102)
(106, 119, 107)
(176, 44, 59)
(10, 132, 109)
(12, 119, 102)
(105, 86, 9)
(241, 180, 201)
(31, 21, 158)
(40, 95, 90)
(236, 27, 157)
(57, 133, 157)
(195, 234, 162)
(87, 136, 233)
(79, 171, 224)
(101, 206, 190)
(166, 230, 186)
(237, 22, 110)
(76, 50, 196)
(113, 169, 181)
(162, 141, 62)
(21, 175, 80)
(101, 1, 135)
(158, 251, 158)
(229, 7, 241)
(211, 120, 142)
(170, 116, 81)
(232, 45, 66)
(233, 114, 163)
(200, 53, 179)
(7, 6, 142)
(150, 18, 227)
(192, 13, 134)
(35, 135, 110)
(200, 239, 197)
(144, 136, 68)
(2, 64, 229)
(247, 42, 232)
(12, 229, 18)
(159, 172, 82)
(191, 205, 49)
(39, 193, 53)
(244, 52, 200)
(66, 173, 72)
(186, 19, 139)
(142, 244, 195)
(214, 144, 38)
(164, 243, 145)
(0, 133, 139)
(119, 236, 75)
(129, 179, 175)
(145, 85, 129)
(100, 165, 102)
(23, 71, 155)
(179, 41, 61)
(0, 145, 118)
(231, 87, 234)
(79, 225, 225)
(156, 193, 209)
(145, 236, 53)
(110, 225, 112)
(52, 77, 85)
(174, 144, 119)
(172, 102, 71)
(8, 35, 220)
(164, 8, 191)
(87, 95, 136)
(126, 144, 21)
(7, 98, 35)
(159, 228, 141)
(165, 57, 24)
(166, 17, 69)
(40, 12, 232)
(160, 114, 231)
(212, 254, 75)
(107, 255, 71)
(4, 162, 212)
(94, 118, 94)
(144, 201, 170)
(173, 182, 184)
(30, 214, 159)
(113, 187, 71)
(60, 167, 11)
(12, 137, 121)
(24, 30, 56)
(235, 96, 163)
(110, 173, 1)
(195, 219, 129)
(57, 131, 82)
(145, 208, 133)
(20, 10, 165)
(254, 136, 16)
(22, 73, 248)
(141, 190, 208)
(32, 13, 178)
(62, 106, 105)
(14, 235, 174)
(240, 2, 38)
(135, 124, 79)
(157, 13, 54)
(92, 1, 236)
(129, 53, 14)
(223, 94, 13)
(79, 158, 196)
(217, 121, 55)
(79, 42, 35)
(125, 61, 167)
(25, 69, 150)
(113, 66, 246)
(221, 100, 142)
(52, 16, 14)
(175, 44, 113)
(159, 105, 166)
(12, 91, 100)
(208, 80, 148)
(215, 192, 164)
(202, 119, 193)
(55, 154, 247)
(139, 208, 27)
(171, 239, 46)
(44, 71, 113)
(95, 169, 59)
(181, 164, 105)
(224, 51, 230)
(158, 119, 48)
(169, 117, 45)
(79, 210, 205)
(18, 63, 233)
(7, 144, 117)
(81, 98, 194)
(106, 148, 66)
(63, 65, 26)
(201, 41, 88)
(99, 176, 204)
(140, 49, 0)
(186, 162, 104)
(19, 2, 220)
(43, 249, 177)
(109, 193, 28)
(248, 118, 114)
(76, 205, 164)
(78, 201, 188)
(125, 241, 154)
(188, 144, 112)
(80, 94, 212)
(88, 231, 184)
(25, 226, 74)
(131, 201, 211)
(78, 64, 37)
(59, 60, 48)
(163, 235, 253)
(90, 155, 38)
(75, 238, 18)
(57, 215, 158)
(180, 12, 1)
(177, 155, 252)
(160, 208, 55)
(154, 140, 244)
(35, 247, 2)
(84, 146, 73)
(214, 93, 147)
(183, 145, 47)
(192, 100, 183)
(20, 62, 29)
(183, 246, 80)
(222, 113, 82)
(194, 105, 179)
(230, 40, 139)
(55, 81, 134)
(233, 224, 68)
(210, 228, 91)
(232, 207, 156)
(201, 163, 11)
(170, 171, 123)
(60, 163, 113)
(17, 240, 81)
(247, 36, 82)
(207, 67, 55)
(184, 67, 134)
(175, 69, 189)
(205, 189, 186)
(187, 40, 57)
(126, 199, 49)
(169, 26, 57)
(252, 102, 173)
(152, 161, 247)
(57, 12, 120)
(30, 208, 182)
(46, 13, 100)
(204, 142, 35)
(36, 102, 237)
(155, 191, 72)
(69, 186, 141)
(113, 112, 84)
(117, 105, 170)
(28, 44, 170)
(100, 167, 23)
(191, 40, 45)
(150, 189, 254)
(160, 212, 213)
(34, 101, 106)
(17, 150, 133)
(203, 196, 228)
(54, 234, 13)
(152, 65, 131)
(213, 100, 246)
(81, 106, 228)
(140, 71, 95)
(54, 96, 101)
(14, 132, 40)
(185, 121, 146)
(6, 134, 205)
(172, 50, 56)
(210, 187, 245)
(195, 0, 123)
(182, 114, 171)
(46, 201, 239)
(171, 245, 100)
(208, 242, 221)
(121, 161, 52)
(178, 166, 175)
(119, 94, 221)
(130, 17, 146)
(8, 34, 243)
(16, 10, 40)
(63, 142, 31)
(110, 25, 245)
(233, 191, 234)
(162, 100, 44)
(101, 30, 209)
(184, 128, 171)
(145, 123, 199)
(208, 8, 97)
(95, 80, 184)
(64, 42, 103)
(252, 191, 136)
(107, 78, 39)
(71, 236, 24)
(159, 40, 190)
(141, 1, 63)
(183, 87, 55)
(160, 190, 41)
(237, 174, 10)
(66, 16, 47)
(82, 40, 21)
(107, 80, 56)
(220, 121, 57)
(152, 0, 183)
(180, 144, 93)
(61, 202, 131)
(114, 195, 102)
(62, 144, 80)
(48, 148, 250)
(52, 135, 55)
(76, 103, 57)
(68, 48, 56)
(98, 65, 215)
(50, 231, 54)
(158, 206, 220)
(94, 252, 226)
(175, 116, 24)
(20, 247, 174)
(133, 171, 64)
(208, 101, 158)
(53, 244, 79)
(227, 94, 248)
(120, 70, 208)
(17, 246, 166)
(106, 126, 235)
(24, 145, 97)
(63, 77, 46)
(205, 179, 6)
(104, 206, 165)
(65, 142, 248)
(15, 37, 74)
(174, 223, 217)
(67, 253, 105)
(85, 108, 222)
(11, 141, 5)
(215, 187, 199)
(168, 45, 215)
(252, 45, 111)
(21, 9, 107)
(48, 94, 13)
(57, 80, 251)
(204, 23, 196)
(247, 8, 230)
(132, 188, 38)
(67, 97, 192)
(88, 56, 197)
(239, 123, 144)
(79, 159, 40)
(14, 121, 190)
(233, 123, 236)
(159, 147, 211)
(242, 173, 93)
(28, 24, 2)
(129, 215, 1)
(212, 73, 157)
(2, 119, 121)
(35, 46, 16)
(150, 122, 135)
(167, 228, 249)
(203, 42, 104)
(53, 119, 101)
(213, 12, 208)
(72, 239, 64)
(157, 174, 75)
(217, 194, 193)
(48, 150, 2)
(110, 200, 201)
(58, 115, 206)
(174, 81, 121)
(32, 189, 33)
(218, 118, 111)
(146, 162, 143)
(17, 77, 203)
(208, 11, 46)
(191, 53, 85)
(126, 216, 160)
(51, 238, 219)
(34, 153, 40)
(192, 224, 227)
(238, 49, 69)
(60, 51, 198)
(173, 105, 2)
(29, 109, 49)
(76, 152, 51)
(165, 98, 42)
(214, 81, 40)
(162, 107, 4)
(57, 193, 182)
(75, 59, 0)
(146, 115, 1)
(141, 14, 21)
(164, 186, 187)
(202, 236, 89)
(38, 226, 116)
(148, 128, 224)
(100, 235, 141)
(31, 142, 117)
(252, 159, 82)
(1, 2, 194)
(107, 231, 60)
(102, 66, 30)
(222, 82, 116)
(66, 205, 125)
(89, 178, 212)
(5, 225, 93)
(160, 89, 126)
(176, 9, 19)
(2, 51, 137)
(238, 34, 241)
(72, 178, 114)
(57, 124, 61)
(119, 79, 21)
(150, 5, 176)
(172, 150, 36)
(114, 146, 129)
(176, 14, 178)
(76, 0, 225)
(167, 61, 78)
(148, 49, 155)
(64, 200, 152)
(237, 61, 149)
(183, 158, 2)
(250, 115, 8)
(171, 245, 19)
(195, 223, 29)
(33, 71, 79)
(200, 186, 57)
(31, 255, 233)
(171, 42, 49)
(165, 52, 24)
(239, 122, 150)
(238, 107, 184)
(229, 189, 77)
(107, 12, 236)
(210, 43, 238)
(190, 186, 12)
(93, 136, 135)
(106, 104, 100)
(204, 122, 231)
(45, 141, 141)
(7, 101, 254)
(211, 108, 180)
(181, 182, 175)
(69, 162, 129)
(168, 134, 4)
(151, 189, 239)
(187, 54, 164)
(17, 110, 249)
(176, 237, 39)
(82, 246, 251)
(2, 66, 76)
(34, 243, 10)
(176, 138, 182)
(176, 225, 31)
(0, 43, 144)
(24, 255, 245)
(42, 86, 250)
(176, 51, 40)
(125, 43, 145)
(159, 209, 151)
(82, 141, 57)
(116, 172, 245)
(66, 126, 237)
(34, 231, 121)
(95, 21, 200)
(101, 79, 192)
(118, 231, 110)
(130, 180, 19)
(94, 46, 38)
(30, 176, 77)
(105, 17, 194)
(239, 52, 187)
(0, 93, 133)
(219, 69, 49)
(25, 119, 85)
(245, 181, 145)
(155, 33, 107)
(196, 27, 187)
(135, 11, 39)
(97, 100, 229)
(172, 101, 242)
(118, 151, 138)
(110, 176, 180)
(24, 171, 22)
(244, 184, 243)
(169, 39, 58)
(99, 231, 64)
(160, 114, 238)
(251, 173, 100)
(191, 43, 226)
(172, 247, 0)
(107, 199, 196)
(189, 235, 138)
(176, 225, 155)
(218, 151, 53)
(102, 119, 18)
(241, 30, 36)
(137, 154, 173)
(249, 135, 248)
(220, 192, 7)
(222, 4, 185)
(101, 172, 39)
(242, 78, 156)
(156, 253, 215)
(187, 209, 146)
(46, 231, 175)
(42, 169, 83)
(251, 39, 252)
(238, 156, 14)
(3, 51, 253)
(244, 99, 149)
(131, 145, 74)
(77, 231, 16)
(107, 174, 195)
(146, 3, 20)
(226, 17, 7)
(148, 153, 159)
(170, 97, 155)
(185, 211, 138)
(150, 13, 225)
(239, 126, 3)
(100, 97, 127)
(233, 36, 2)
(202, 229, 155)
(118, 141, 101)
(51, 92, 244)
(92, 156, 236)
(25, 53, 169)
(190, 112, 64)
(214, 198, 238)
(206, 170, 151)
(120, 221, 8)
(254, 247, 60)
(234, 241, 48)
(208, 198, 209)
(82, 30, 90)
(12, 109, 18)
(195, 0, 0)
(186, 102, 62)
(95, 205, 118)
(238, 1, 11)
(8, 5, 89)
(151, 219, 241)
(50, 51, 158)
(226, 27, 124)
(70, 171, 126)
(126, 122, 160)
(142, 11, 98)
(53, 134, 61)
(81, 21, 108)
(4, 146, 60)
(172, 78, 238)
(182, 115, 179)
(121, 250, 179)
(208, 90, 47)
(4, 7, 193)
(240, 147, 100)
(230, 246, 166)
(148, 145, 23)
(136, 4, 162)
(169, 220, 220)
(219, 215, 170)
(89, 103, 84)
(188, 148, 224)
(6, 134, 235)
(240, 143, 176)
(18, 70, 212)
(10, 174, 131)
(143, 98, 199)
(67, 207, 175)
(68, 176, 30)
(245, 236, 60)
(150, 217, 157)
(156, 181, 122)
(178, 208, 190)
(105, 225, 86)
(95, 255, 126)
(21, 244, 179)
(145, 253, 123)
(91, 112, 170)
(116, 185, 217)
(188, 178, 106)
(49, 158, 146)
(241, 154, 216)
(84, 97, 45)
(136, 176, 157)
(163, 165, 254)
(108, 155, 139)
(179, 44, 253)
(73, 122, 69)
(154, 65, 91)
(187, 224, 16)
(137, 198, 20)
(201, 91, 208)
(51, 61, 164)
(164, 104, 253)
(91, 115, 148)
(79, 81, 12)
(252, 91, 97)
(205, 255, 138)
(177, 171, 246)
(211, 155, 100)
(193, 190, 35)
(241, 169, 100)
(14, 56, 233)
(133, 246, 140)
(147, 12, 126)
(125, 231, 173)
(129, 145, 177)
(96, 245, 233)
(187, 155, 34)
(125, 253, 65)
(241, 146, 187)
(22, 200, 178)
(224, 244, 61)
(84, 196, 5)
(159, 180, 142)
(209, 147, 105)
(66, 88, 148)
(36, 132, 174)
(152, 145, 93)
(143, 202, 8)
(173, 154, 232)
(68, 231, 245)
(187, 168, 189)
(98, 195, 200)
(1, 25, 31)
(226, 249, 11)
(161, 198, 143)
(187, 240, 52)
(63, 143, 57)
(22, 54, 216)
(51, 31, 92)
(224, 40, 217)
(20, 84, 7)
(208, 153, 17)
(177, 129, 184)
(67, 139, 208)
(160, 236, 187)
(235, 135, 115)
(88, 213, 231)
(184, 47, 124)
(63, 217, 140)
(159, 233, 114)
(197, 151, 70)
(246, 25, 95)
(167, 200, 174)
(245, 249, 168)
(246, 41, 225)
(29, 165, 129)
(101, 12, 244)
(233, 125, 65)
(109, 218, 75)
(94, 188, 185)
(32, 70, 39)
(30, 8, 132)
(77, 165, 22)
(251, 208, 57)
(137, 170, 167)
(160, 95, 205)
(62, 222, 176)
(68, 192, 233)
(216, 138, 193)
(188, 81, 8)
(114, 117, 35)
(78, 249, 110)
(186, 110, 0)
(169, 91, 144)
(111, 223, 51)
(163, 42, 68)
(129, 61, 163)
(101, 86, 174)
(136, 163, 222)
(39, 149, 89)
(243, 169, 130)
(210, 45, 6)
(67, 173, 192)
(128, 125, 247)
(28, 105, 93)
(154, 79, 180)
(103, 245, 134)
(169, 141, 9)
(94, 170, 149)
(50, 118, 253)
(220, 224, 154)
(200, 59, 114)
(25, 31, 85)
(82, 123, 22)
(219, 105, 108)
(77, 122, 121)
(186, 28, 2)
(233, 231, 92)
(253, 161, 13)
(168, 100, 107)
(161, 153, 80)
(236, 121, 143)
(154, 14, 62)
(246, 34, 254)
(2, 63, 80)
(235, 11, 214)
(242, 205, 131)
(132, 23, 195)
(33, 89, 171)
(38, 108, 156)
(247, 231, 120)
(17, 38, 151)
(119, 54, 0)
(54, 27, 26)
(16, 229, 161)
(92, 175, 125)
(215, 165, 197)
(107, 18, 135)
(127, 213, 83)
(5, 52, 238)
(91, 129, 32)
(211, 233, 237)
(193, 36, 175)
(147, 44, 235)
(85, 240, 27)
(64, 84, 37)
(232, 250, 73)
(253, 79, 165)
(85, 27, 54)
(27, 104, 109)
(217, 215, 202)
(200, 192, 87)
(106, 168, 226)
(207, 45, 210)
(24, 87, 129)
(122, 247, 118)
(145, 98, 6)
(227, 246, 140)
(127, 155, 254)
(33, 143, 138)
(226, 195, 165)
(29, 154, 212)
(86, 214, 155)
(158, 88, 80)
(207, 74, 59)
(132, 32, 163)
(118, 199, 206)
(60, 137, 78)
(69, 19, 157)
(171, 38, 239)
(51, 19, 184)
(198, 69, 140)
(231, 133, 45)
(132, 118, 176)
(216, 69, 26)
(5, 182, 192)
(71, 80, 22)
(168, 245, 146)
(188, 77, 238)
(25, 54, 152)
(79, 63, 205)
(75, 197, 207)
(169, 12, 67)
(172, 164, 44)
(171, 74, 106)
(146, 150, 240)
(237, 84, 192)
(245, 50, 117)
(93, 201, 127)
(84, 254, 118)
(249, 213, 73)
(88, 43, 144)
(111, 22, 14)
(99, 115, 121)
(147, 179, 184)
(66, 28, 64)
(173, 36, 230)
(200, 197, 64)
(208, 251, 166)
(116, 16, 239)
(231, 6, 106)
(253, 50, 145)
(51, 5, 12)
(174, 114, 174)
(44, 67, 20)
(82, 170, 36)
(235, 104, 159)
(125, 115, 157)
(202, 26, 25)
(116, 176, 134)
(158, 19, 118)
(38, 248, 204)
(169, 30, 12)
(208, 194, 182)
(243, 195, 80)
(168, 171, 155)
(185, 173, 148)
(242, 42, 166)
(116, 49, 66)
(17, 61, 204)
(236, 42, 217)
(219, 55, 17)
(249, 48, 75)
(50, 58, 250)
(232, 159, 186)
(108, 108, 125)
(88, 45, 149)
(151, 70, 230)
(108, 246, 205)
(148, 22, 103)
(182, 248, 149)
(7, 211, 111)
(241, 24, 126)
(235, 102, 45)
(222, 55, 255)
(32, 128, 43)
(158, 126, 25)
(108, 158, 165)
(87, 48, 92)
(130, 249, 5)
(129, 243, 100)
(210, 207, 36)
(130, 217, 210)
(166, 141, 214)
(91, 20, 181)
(216, 24, 214)
(18, 0, 24)
(49, 27, 90)
(146, 32, 48)
(130, 4, 94)
(123, 49, 154)
(184, 48, 11)
(168, 107, 106)
(112, 182, 69)
(29, 75, 94)
(52, 249, 124)
(157, 96, 192)
(117, 66, 147)
(146, 155, 147)
(71, 25, 92)
(87, 76, 204)
(34, 19, 123)
(159, 51, 136)
(178, 135, 146)
(77, 67, 42)
(99, 158, 161)
(77, 163, 176)
(7, 179, 149)
(194, 100, 63)
(124, 128, 98)
(205, 189, 194)
(213, 78, 42)
(108, 237, 68)
(117, 43, 154)
(249, 234, 217)
(45, 121, 93)
(34, 165, 250)
(76, 23, 112)
(173, 160, 215)
(163, 229, 232)
(18, 13, 44)
(56, 193, 243)
(165, 55, 113)
(87, 1, 215)
(209, 220, 78)
(236, 254, 35)
(75, 18, 55)
(221, 217, 127)
(4, 86, 255)
(220, 220, 220)
(67, 38, 146)
(228, 180, 43)
(166, 125, 167)
(10, 233, 3)
(236, 206, 70)
(223, 228, 228)
(117, 207, 242)
(144, 164, 46)
(158, 254, 214)
(64, 127, 184)
(155, 134, 94)
(41, 35, 159)
(112, 153, 173)
(199, 222, 62)
(149, 216, 213)
(246, 127, 200)
(54, 76, 95)
(77, 161, 254)
(134, 138, 60)
(117, 218, 159)
(249, 249, 231)
(148, 130, 159)
(244, 56, 167)
(149, 222, 118)
(103, 236, 122)
(182, 237, 94)
(155, 157, 109)
(60, 138, 4)
(86, 134, 237)
(80, 125, 141)
(126, 242, 79)
(26, 222, 75)
(218, 201, 6)
(70, 78, 140)
(219, 68, 122)
(108, 217, 146)
(255, 58, 9)
(155, 116, 140)
(1, 162, 98)
(227, 253, 249)
(27, 94, 13)
(196, 208, 175)
(191, 159, 70)
(171, 38, 159)
(66, 237, 186)
(28, 21, 74)
(6, 173, 3)
(226, 231, 27)
(122, 127, 202)
(231, 22, 130)
(151, 0, 45)
(144, 199, 154)
(237, 206, 201)
(156, 151, 139)
(185, 23, 149)
(225, 179, 18)
(230, 157, 111)
(150, 76, 217)
(243, 227, 253)
(125, 144, 4)
(113, 62, 44)
(88, 62, 117)
(152, 189, 68)
(30, 113, 163)
(101, 20, 93)
(240, 15, 43)
(22, 192, 23)
(43, 80, 25)
(211, 238, 25)
(207, 242, 209)
(169, 104, 33)
(11, 88, 220)
(100, 207, 189)
(135, 142, 75)
(136, 69, 69)
(100, 144, 58)
(205, 23, 46)
(177, 26, 173)
(163, 145, 60)
(175, 126, 171)
(224, 17, 186)
(8, 236, 131)
(41, 209, 219)
(175, 12, 130)
(84, 136, 31)
(202, 129, 5)
(10, 63, 255)
(62, 102, 170)
(2, 5, 70)
(255, 158, 47)
(67, 136, 121)
(220, 232, 99)
(78, 235, 184)
(255, 120, 148)
(89, 50, 39)
(118, 195, 123)
(254, 54, 83)
(91, 54, 248)
(158, 28, 0)
(246, 255, 122)
(75, 115, 62)
(41, 119, 29)
(99, 89, 59)
(158, 137, 6)
(74, 202, 90)
(228, 0, 210)
(30, 86, 43)
(9, 160, 14)
(80, 60, 101)
(157, 199, 111)
(96, 165, 35)
(65, 20, 33)
(112, 225, 90)
(90, 108, 242)
(129, 219, 2)
(77, 236, 183)
(180, 14, 14)
(13, 143, 129)
(72, 148, 159)
(7, 69, 178)
(126, 141, 67)
(150, 127, 64)
(59, 90, 234)
(245, 85, 255)
(108, 44, 248)
(135, 40, 57)
(58, 144, 22)
(226, 230, 114)
(52, 68, 230)
(115, 85, 96)
(142, 16, 127)
(102, 97, 233)
(41, 17, 164)
(186, 25, 220)
(164, 40, 173)
(139, 112, 120)
(198, 60, 116)
(255, 86, 234)
(99, 78, 64)
(125, 17, 14)
(175, 90, 193)
(18, 241, 184)
(164, 225, 215)
(13, 69, 122)
(148, 79, 192)
(229, 45, 124)
(131, 182, 9)
(3, 89, 192)
(92, 165, 12)
(156, 41, 0)
(231, 17, 58)
(28, 233, 23)
(244, 48, 165)
(152, 21, 107)
(90, 57, 130)
(162, 110, 19)
(45, 183, 202)
(239, 56, 125)
(164, 124, 245)
(201, 207, 198)
(235, 144, 25)
(18, 234, 84)
(24, 44, 198)
(150, 110, 215)
(212, 102, 112)
(45, 215, 111)
(109, 194, 219)
(95, 74, 133)
(147, 107, 47)
(120, 122, 22)
(216, 38, 18)
(92, 180, 53)
(98, 176, 87)
(190, 89, 91)
(116, 142, 50)
(14, 88, 242)
(33, 46, 10)
(140, 163, 21)
(242, 144, 165)
(251, 228, 118)
(47, 239, 226)
(118, 64, 133)
(210, 103, 245)
(103, 120, 193)
(179, 97, 97)
(129, 253, 57)
(250, 109, 172)
(101, 39, 223)
(29, 228, 127)
(130, 254, 144)
(167, 39, 92)
(53, 27, 79)
(7, 51, 230)
(80, 98, 79)
(122, 155, 134)
(33, 190, 142)
(103, 118, 232)
(97, 114, 182)
(163, 185, 113)
(254, 237, 32)
(30, 144, 184)
(212, 212, 152)
(202, 141, 133)
(212, 4, 159)
(101, 230, 229)
(86, 229, 234)
(25, 242, 67)
(69, 102, 29)
(198, 101, 8)
(185, 166, 153)
(236, 219, 182)
(130, 249, 93)
(123, 77, 76)
(73, 2, 96)
(138, 145, 211)
(51, 109, 187)
(7, 185, 225)
(6, 76, 76)
(251, 130, 66)
(89, 243, 164)
(90, 171, 117)
(29, 167, 46)
(244, 148, 247)
(100, 210, 209)
(107, 184, 41)
(231, 115, 118)
(66, 17, 114)
(23, 120, 75)
(220, 109, 139)
(73, 198, 88)
(75, 41, 141)
(163, 24, 216)
(101, 254, 47)
(70, 249, 37)
(186, 253, 159)
(226, 89, 9)
(69, 42, 157)
(77, 214, 178)
(164, 35, 146)
(231, 121, 170)
(92, 21, 17)
(202, 193, 17)
(227, 67, 45)
(150, 177, 37)
(53, 37, 93)
(135, 206, 123)
(221, 211, 89)
(72, 12, 89)
(14, 133, 47)
(116, 54, 92)
(243, 108, 121)
(84, 242, 87)
(122, 65, 125)
(106, 158, 163)
(237, 235, 89)
(162, 28, 21)
(142, 123, 98)
(161, 130, 243)
(10, 217, 34)
(183, 102, 96)
(228, 75, 11)
(198, 121, 221)
(196, 139, 172)
(200, 207, 8)
(148, 169, 254)
(37, 224, 162)
(58, 8, 62)
(18, 46, 138)
(120, 1, 111)
(4, 43, 59)
(90, 82, 140)
(250, 45, 85)
(43, 231, 187)
(219, 60, 183)
(220, 12, 93)
(108, 25, 50)
(152, 150, 15)
(106, 145, 212)
(216, 42, 78)
(230, 43, 14)
(100, 92, 129)
(134, 90, 234)
(54, 79, 60)
(194, 238, 18)
(222, 218, 85)
(74, 221, 232)
(52, 30, 238)
(51, 118, 58)
(215, 245, 180)
(21, 167, 45)
(231, 76, 3)
(194, 91, 124)
(193, 211, 108)
(158, 43, 28)
(84, 118, 116)
(160, 170, 114)
(53, 88, 167)
(4, 245, 145)
(157, 225, 99)
(216, 89, 68)
(111, 1, 0)
(119, 73, 122)
(87, 194, 245)
(23, 5, 46)
(255, 180, 58)
(142, 37, 67)
(194, 207, 182)
(83, 35, 125)
(36, 115, 32)
(113, 50, 73)
(103, 65, 144)
(241, 1, 78)
(131, 50, 24)
(17, 210, 254)
(237, 148, 86)
(254, 171, 148)
(97, 225, 35)
(129, 12, 126)
(51, 85, 42)
(125, 98, 80)
(161, 37, 96)
(105, 251, 75)
(101, 205, 123)
(37, 250, 98)
(203, 200, 168)
(89, 121, 149)
(19, 176, 58)
(125, 156, 73)
(5, 255, 85)
(26, 166, 4)
(22, 37, 122)
(120, 94, 43)
(123, 178, 153)
(57, 81, 60)
(185, 148, 22)
(12, 146, 70)
(79, 253, 129)
(253, 173, 215)
(128, 198, 111)
(39, 241, 59)
(154, 117, 110)
(1, 156, 6)
(58, 184, 3)
(82, 107, 57)
(131, 249, 210)
(57, 87, 11)
(224, 42, 138)
(79, 174, 38)
(230, 96, 149)
(193, 236, 155)
(240, 5, 59)
(254, 128, 54)
(185, 130, 202)
(81, 83, 22)
(14, 42, 14)
(184, 70, 218)
(239, 70, 253)
(98, 141, 246)
(49, 25, 136)
(86, 182, 118)
(39, 176, 133)
(133, 200, 70)
(33, 64, 147)
(173, 230, 167)
(165, 241, 43)
(102, 129, 5)
(120, 166, 203)
(183, 36, 212)
(120, 76, 216)
(217, 11, 75)
(112, 242, 22)
(3, 109, 241)
(11, 87, 55)
(135, 157, 108)
(93, 224, 73)
(106, 143, 44)
(39, 164, 117)
(127, 35, 77)
(217, 185, 68)
(234, 38, 155)
(44, 0, 27)
(232, 182, 14)
(219, 186, 140)
(41, 29, 193)
(110, 164, 141)
(66, 17, 11)
(235, 183, 79)
(118, 27, 162)
(22, 11, 194)
(195, 111, 5)
(182, 42, 184)
(35, 219, 193)
(249, 86, 25)
(223, 27, 140)
(193, 57, 109)
(209, 210, 8)
(217, 167, 254)
(183, 18, 142)
(121, 184, 19)
(31, 176, 83)
(153, 23, 158)
(143, 140, 106)
(122, 220, 166)
(111, 10, 119)
(45, 174, 6)
(1, 249, 119)
(34, 42, 116)
(66, 68, 160)
(123, 114, 179)
(93, 204, 76)
(185, 3, 126)
(167, 97, 30)
(46, 31, 200)
(196, 199, 4)
(26, 10, 9)
(16, 32, 102)
(176, 225, 250)
(119, 120, 23)
(186, 112, 115)
(222, 169, 160)
(129, 169, 186)
(254, 48, 129)
(157, 210, 59)
(164, 61, 240)
(30, 11, 25)
(72, 144, 250)
(22, 171, 180)
(142, 169, 85)
(250, 54, 5)
(90, 121, 111)
(18, 199, 195)
(248, 221, 108)
(238, 104, 240)
(13, 147, 73)
(31, 148, 53)
(61, 119, 224)
(121, 237, 80)
(47, 41, 44)
(28, 242, 177)
(113, 118, 112)
(250, 73, 211)
(173, 247, 167)
(47, 56, 43)
(38, 89, 85)
(249, 133, 38)
(116, 116, 230)
(124, 130, 3)
(164, 147, 128)
(109, 154, 209)
(211, 244, 145)
(202, 201, 104)
(254, 31, 5)
(133, 213, 21)
(85, 236, 103)
(132, 38, 240)
(42, 12, 114)
(193, 191, 186)
(143, 155, 1)
(124, 205, 195)
(83, 47, 209)
(95, 6, 62)
(245, 47, 19)
(238, 222, 136)
(75, 222, 178)
(191, 101, 253)
(6, 252, 22)
(121, 226, 154)
(84, 199, 120)
(252, 239, 209)
(165, 201, 129)
(37, 159, 200)
(255, 137, 72)
(28, 36, 18)
(46, 254, 149)
(177, 220, 103)
(62, 178, 31)
(64, 53, 242)
(140, 244, 45)
(158, 133, 61)
(85, 209, 223)
(232, 31, 234)
(123, 66, 152)
(126, 161, 36)
(216, 16, 99)
(7, 152, 81)
(120, 64, 217)
(49, 106, 157)
(187, 74, 100)
(204, 23, 174)
(111, 65, 58)
(183, 82, 180)
(22, 133, 155)
(4, 202, 49)
(92, 253, 170)
(44, 70, 167)
(179, 243, 195)
(184, 90, 34)
(239, 87, 238)
(2, 241, 189)
(163, 42, 219)
(52, 206, 103)
(57, 68, 53)
(168, 11, 92)
(233, 213, 95)
(52, 214, 190)
(122, 96, 158)
(48, 61, 123)
(126, 129, 203)
(159, 208, 86)
(86, 176, 23)
(144, 189, 142)
(184, 67, 110)
(208, 10, 197)
(103, 114, 205)
(220, 24, 105)
(194, 78, 198)
(134, 109, 229)
(70, 207, 228)
(213, 143, 133)
(46, 87, 210)
(43, 104, 146)
(132, 132, 53)
(249, 237, 201)
(59, 41, 27)
(13, 145, 71)
(136, 79, 182)
(106, 110, 39)
(9, 4, 105)
(85, 203, 133)
(245, 49, 107)
(82, 104, 192)
(126, 42, 53)
(142, 84, 155)
(74, 193, 206)
(56, 153, 177)
(167, 35, 106)
(242, 58, 254)
(133, 255, 105)
(46, 184, 73)
(9, 18, 177)
(4, 129, 87)
(79, 49, 65)
(5, 51, 208)
(98, 247, 151)
(214, 75, 185)
(115, 102, 12)
(176, 32, 80)
(22, 180, 236)
(215, 162, 96)
(222, 183, 54)
(51, 233, 40)
(102, 233, 79)
(185, 222, 20)
(73, 84, 172)
(251, 27, 141)
(251, 63, 25)
(80, 77, 49)
(150, 136, 83)
(225, 164, 9)
(177, 74, 243)
(131, 194, 58)
(185, 246, 3)
(226, 227, 113)
(4, 91, 201)
(198, 242, 91)
(73, 21, 244)
(39, 149, 153)
(104, 22, 136)
(103, 246, 107)
(14, 223, 105)
(16, 174, 242)
(59, 63, 4)
(114, 16, 198)
(82, 74, 123)
(219, 155, 5)
(202, 121, 167)
(204, 194, 32)
(55, 68, 89)
(86, 157, 53)
(203, 201, 209)
(118, 140, 165)
(136, 227, 175)
(78, 159, 40)
(57, 71, 54)
(97, 2, 163)
(51, 168, 171)
(131, 80, 82)
(228, 154, 219)
(69, 85, 120)
(129, 207, 167)
(252, 59, 4)
(153, 132, 2)
(145, 158, 56)
(107, 220, 12)
(191, 174, 110)
(213, 3, 50)
(157, 63, 180)
(144, 221, 56)
(141, 245, 30)
(241, 160, 137)
(154, 200, 87)
(205, 201, 136)
(58, 205, 16)
(241, 119, 132)
(186, 147, 106)
(133, 175, 225)
(252, 203, 202)
(245, 24, 78)
(173, 132, 22)
(255, 29, 42)
(28, 6, 10)
(216, 234, 147)
(187, 124, 103)
(162, 13, 77)
(188, 156, 21)
(97, 126, 224)
(52, 80, 8)
(92, 13, 178)
(120, 208, 42)
(8, 40, 242)
(116, 148, 99)
(193, 126, 141)
(12, 215, 214)
(131, 195, 117)
(203, 189, 97)
(120, 89, 246)
(85, 204, 160)
(127, 82, 97)
(192, 76, 201)
(68, 71, 5)
(189, 120, 41)
(225, 118, 2)
(179, 112, 211)
(188, 55, 32)
(62, 58, 237)
(20, 182, 24)
(106, 78, 86)
(60, 1, 112)
(217, 74, 88)
(144, 23, 39)
(22, 149, 86)
(134, 126, 5)
(31, 183, 26)
(85, 140, 64)
(115, 202, 147)
(165, 148, 97)
(159, 252, 253)
(128, 119, 91)
(68, 192, 196)
(73, 7, 222)
(109, 191, 85)
(100, 240, 23)
(151, 16, 53)
(168, 146, 188)
(148, 233, 140)
(110, 102, 26)
(140, 100, 95)
(133, 149, 243)
(76, 191, 77)
(173, 94, 249)
(21, 220, 221)
(152, 5, 220)
(19, 149, 76)
(100, 180, 153)
(29, 211, 181)
(139, 212, 141)
(180, 115, 231)
(243, 73, 13)
(220, 50, 173)
(22, 200, 138)
(40, 152, 49)
(37, 153, 145)
(103, 42, 108)
(129, 250, 140)
(102, 222, 84)
(202, 80, 178)
(75, 219, 216)
(226, 181, 241)
(55, 232, 149)
(185, 47, 86)
(47, 195, 228)
(109, 60, 99)
(139, 209, 180)
(166, 175, 7)
(233, 110, 186)
(234, 38, 40)
(137, 116, 251)
(184, 80, 193)
(132, 245, 49)
(103, 211, 240)
(140, 211, 226)
(2, 101, 110)
(180, 150, 226)
(204, 231, 94)
(204, 44, 221)
(73, 139, 20)
(2, 228, 3)
(77, 220, 244)
(9, 238, 66)
(41, 197, 50)
(96, 53, 71)
(252, 81, 237)
(96, 234, 53)
(141, 98, 70)
(114, 19, 5)
(69, 194, 47)
(56, 90, 60)
(75, 106, 209)
(151, 245, 31)
(155, 204, 143)
(36, 56, 110)
(147, 171, 218)
(182, 245, 26)
(239, 159, 214)
(162, 238, 55)
(139, 20, 63)
(155, 170, 178)
(183, 164, 27)
(240, 37, 199)
(52, 161, 130)
(164, 209, 203)
(161, 120, 224)
(37, 98, 57)
(76, 17, 247)
(198, 242, 240)
(94, 28, 65)
(124, 218, 169)
(75, 89, 202)
(241, 83, 251)
(51, 230, 193)
(182, 128, 98)
(113, 157, 73)
(198, 186, 250)
(229, 114, 168)
(207, 0, 179)
(45, 253, 98)
(235, 161, 220)
(149, 182, 246)
(11, 98, 140)
(216, 40, 7)
(105, 92, 239)
(85, 129, 200)
(79, 36, 112)
(182, 235, 7)
(225, 249, 213)
(85, 175, 79)
(194, 100, 22)
(208, 67, 245)
(70, 88, 219)
(126, 16, 31)
(36, 19, 96)
(85, 10, 200)
(42, 117, 6)
(189, 49, 124)
(85, 120, 23)
(1, 2, 237)
(231, 117, 219)
(204, 0, 164)
(5, 140, 96)
(6, 169, 202)
(77, 13, 116)
(141, 226, 45)
(227, 26, 101)
(40, 142, 185)
(248, 176, 82)
(17, 53, 244)
(100, 109, 1)
(71, 142, 18)
(80, 182, 233)
(66, 69, 71)
(181, 204, 214)
(229, 173, 102)
(243, 34, 49)
(248, 205, 177)
(8, 81, 8)
(254, 2, 117)
(38, 1, 79)
(220, 97, 63)
(81, 35, 144)
(130, 200, 148)
(179, 121, 252)
(246, 213, 147)
(85, 201, 117)
(38, 148, 26)
(169, 243, 22)
(177, 183, 83)
(215, 226, 163)
(144, 82, 254)
(190, 162, 9)
(40, 3, 70)
(109, 122, 70)
(45, 145, 184)
(177, 157, 237)
(143, 15, 166)
(209, 115, 241)
(177, 1, 62)
(51, 31, 94)
(161, 128, 236)
(46, 226, 54)
(36, 94, 206)
(44, 237, 0)
(189, 215, 248)
(5, 128, 221)
(71, 165, 80)
(237, 51, 213)
(253, 217, 94)
(142, 225, 22)
(228, 144, 75)
(5, 68, 183)
(32, 201, 247)
(120, 34, 112)
(47, 98, 6)
(177, 63, 227)
(155, 205, 71)
(242, 86, 191)
(198, 23, 89)
(17, 67, 154)
(111, 18, 11)
(98, 212, 186)
(202, 47, 206)
(203, 78, 61)
(120, 48, 169)
(168, 26, 28)
(103, 23, 138)
(254, 176, 150)
(115, 195, 253)
(125, 18, 192)
(65, 7, 100)
(67, 188, 244)
(109, 119, 11)
(11, 244, 39)
(252, 100, 40)
(80, 70, 210)
(166, 57, 125)
(252, 73, 15)
(254, 145, 141)
(160, 15, 52)
(198, 189, 198)
(9, 158, 70)
(37, 159, 137)
(14, 27, 141)
(117, 202, 98)
(76, 251, 74)
(196, 188, 2)
(41, 155, 188)
(114, 184, 196)
(174, 200, 127)
(1, 218, 110)
(151, 167, 136)
(192, 238, 98)
(61, 82, 84)
(252, 33, 226)
(127, 166, 57)
(4, 188, 199)
(48, 52, 105)
(30, 133, 129)
(111, 65, 133)
(33, 229, 231)
(13, 126, 202)
(220, 155, 68)
(167, 176, 57)
(20, 214, 75)
(21, 154, 82)
(14, 134, 22)
(247, 191, 48)
(4, 237, 207)
(218, 168, 196)
(190, 162, 107)
(73, 88, 35)
(186, 192, 39)
(167, 228, 63)
(140, 52, 138)
(93, 100, 219)
(122, 140, 202)
(132, 94, 97)
(150, 38, 148)
(175, 204, 241)
(250, 124, 61)
(68, 48, 10)
(130, 54, 184)
(31, 182, 46)
(237, 70, 44)
(119, 96, 110)
(118, 67, 29)
(156, 54, 208)
(44, 85, 78)
(142, 121, 47)
(178, 1, 31)
(185, 231, 80)
(186, 78, 201)
(11, 92, 159)
(195, 9, 246)
(88, 14, 224)
(127, 151, 166)
(61, 125, 29)
(178, 132, 27)
(89, 98, 91)
(249, 108, 59)
(5, 109, 41)
(153, 206, 19)
(109, 223, 55)
(194, 99, 200)
(164, 199, 7)
(226, 156, 217)
(205, 244, 210)
(160, 142, 36)
(43, 92, 84)
(216, 236, 103)
(177, 197, 180)
(152, 155, 126)
(252, 155, 15)
(215, 101, 161)
(173, 198, 13)
(178, 2, 29)
(94, 103, 96)
(35, 142, 242)
(70, 12, 126)
(227, 73, 134)
(124, 62, 222)
(52, 71, 152)
(160, 44, 121)
(72, 177, 95)
(35, 175, 250)
(10, 98, 49)
(211, 168, 37)
(189, 184, 43)
(46, 4, 156)
(229, 219, 191)
(239, 72, 225)
(153, 11, 27)
(125, 118, 244)
(12, 102, 143)
(133, 175, 196)
(4, 249, 131)
(106, 208, 149)
(87, 152, 98)
(243, 14, 251)
(145, 230, 116)
(171, 13, 241)
(115, 38, 31)
(245, 229, 224)
(33, 71, 115)
(137, 200, 10)
(217, 32, 56)
(46, 51, 181)
(199, 189, 14)
(97, 243, 158)
(31, 212, 189)
(191, 90, 172)
(113, 98, 162)
(6, 28, 192)
(207, 52, 88)
(75, 46, 44)
(154, 121, 223)
(84, 2, 66)
(238, 48, 183)
(148, 174, 39)
(105, 128, 138)
(235, 140, 116)
(150, 95, 164)
(233, 138, 39)
(225, 141, 42)
(190, 239, 89)
(96, 3, 206)
(42, 68, 141)
(56, 40, 97)
(8, 29, 250)
(75, 229, 244)
(77, 3, 71)
(7, 156, 206)
(14, 71, 143)
(199, 253, 61)
(112, 17, 192)
(225, 233, 127)
(176, 79, 52)
(132, 18, 215)
(138, 173, 250)
(25, 87, 242)
(81, 90, 182)
(219, 153, 178)
(115, 159, 47)
(95, 166, 124)
(152, 253, 111)
(164, 102, 218)
(63, 0, 252)
(247, 198, 148)
(16, 28, 165)
(92, 175, 247)
(9, 118, 48)
(126, 194, 169)
(220, 202, 242)
(18, 125, 219)
(183, 105, 253)
(111, 134, 8)
(58, 147, 76)
(28, 185, 97)
(200, 83, 246)
(176, 251, 17)
(168, 15, 150)
(156, 27, 247)
(173, 144, 119)
(47, 136, 128)
(111, 134, 15)
(64, 177, 169)
(3, 36, 249)
(81, 183, 201)
(173, 95, 148)
(70, 157, 168)
(86, 239, 18)
(158, 193, 88)
(218, 102, 57)
(206, 97, 210)
(121, 82, 79)
(253, 254, 246)
(202, 208, 15)
(233, 51, 119)
(162, 198, 49)
(26, 173, 37)
(56, 38, 185)
(175, 243, 173)
(132, 23, 16)
(74, 42, 143)
(236, 248, 227)
(232, 164, 81)
(118, 206, 127)
(195, 54, 75)
(244, 60, 162)
(204, 217, 243)
(180, 234, 199)
(147, 158, 101)
(133, 48, 60)
(119, 152, 16)
(29, 81, 160)
(126, 228, 154)
(166, 15, 56)
(29, 64, 75)
(222, 79, 212)
(37, 94, 147)
(61, 238, 127)
(42, 84, 233)
(175, 152, 207)
(120, 69, 26)
(165, 95, 136)
(39, 99, 2)
(48, 253, 231)
(210, 135, 154)
(121, 170, 77)
(229, 109, 242)
(3, 126, 16)
(214, 28, 47)
(12, 196, 73)
(111, 207, 155)
(118, 29, 51)
(175, 145, 165)
(134, 204, 57)
(213, 139, 55)
(19, 88, 153)
(68, 249, 202)
(10, 38, 86)
(13, 206, 47)
(61, 92, 157)
(211, 192, 65)
(27, 152, 160)
(163, 168, 239)
(42, 141, 159)
(42, 222, 90)
(44, 41, 150)
(127, 229, 80)
(13, 6, 216)
(120, 255, 112)
(152, 60, 103)
(115, 249, 229)
(144, 236, 165)
(113, 155, 136)
(186, 222, 144)
(6, 164, 80)
(35, 68, 44)
(143, 208, 118)
(22, 127, 63)
(153, 92, 180)
(64, 127, 163)
(37, 0, 208)
(77, 72, 154)
(8, 246, 181)
(197, 40, 160)
(137, 78, 88)
(90, 163, 255)
(244, 46, 118)
(7, 29, 37)
(100, 132, 111)
(81, 225, 41)
(252, 179, 11)
(151, 183, 211)
(245, 187, 200)
(127, 254, 51)
(83, 4, 243)
(143, 83, 197)
(192, 248, 124)
(165, 79, 163)
(222, 207, 19)
(102, 123, 65)
(155, 96, 182)
(209, 8, 84)
(124, 152, 113)
(126, 125, 171)
(94, 18, 29)
(94, 76, 250)
(253, 165, 145)
(236, 81, 107)
(144, 231, 138)
(163, 23, 5)
(3, 41, 137)
(67, 43, 127)
(147, 46, 206)
(51, 157, 71)
(221, 36, 28)
(126, 137, 158)
(158, 149, 185)
(69, 205, 32)
(242, 130, 103)
(29, 51, 240)
(233, 52, 74)
(60, 112, 46)
(27, 212, 213)
(249, 164, 39)
(81, 158, 73)
(25, 240, 246)
(183, 241, 160)
(79, 115, 17)
(134, 231, 210)
(229, 108, 3)
(39, 61, 125)
(195, 23, 39)
(87, 192, 90)
(155, 9, 180)
(70, 253, 62)
(131, 181, 186)
(238, 160, 150)
(184, 12, 143)
(104, 250, 217)
(189, 237, 181)
(186, 168, 20)
(97, 11, 219)
(200, 79, 79)
(109, 38, 228)
(14, 43, 188)
(101, 125, 102)
(41, 138, 205)
(96, 166, 204)
(159, 2, 159)
(246, 90, 190)
(208, 105, 233)
(209, 151, 24)
(33, 125, 198)
(241, 171, 125)
(180, 19, 17)
(153, 139, 108)
(71, 183, 34)
(109, 109, 168)
(83, 64, 100)
(64, 157, 185)
(120, 51, 203)
(118, 238, 239)
(174, 150, 12)
(127, 147, 218)
(111, 155, 232)
(84, 186, 66)
(59, 13, 119)
(251, 197, 156)
(51, 115, 139)
(21, 46, 120)
(195, 239, 121)
(241, 20, 97)
(87, 0, 145)
(64, 158, 232)
(27, 195, 145)
(46, 148, 71)
(217, 234, 87)
(196, 121, 167)
(6, 16, 82)
(155, 121, 155)
(214, 212, 119)
(171, 210, 33)
(29, 4, 253)
(20, 104, 53)
(8, 131, 232)
(13, 173, 224)
(148, 93, 189)
(43, 68, 186)
(254, 45, 118)
(36, 225, 228)
(150, 116, 246)
(153, 36, 234)
(239, 38, 92)
(173, 122, 178)
(219, 155, 225)
(65, 19, 96)
(255, 202, 55)
(11, 141, 165)
(196, 158, 169)
(133, 254, 47)
(251, 18, 204)
(71, 53, 173)
(18, 92, 144)
(148, 209, 111)
(129, 181, 248)
(29, 200, 75)
(48, 155, 240)
(234, 159, 196)
(170, 29, 191)
(240, 134, 203)
(11, 231, 131)
(49, 33, 7)
(145, 149, 63)
(134, 152, 235)
(17, 190, 195)
(250, 121, 196)
(37, 92, 53)
(98, 0, 95)
(218, 59, 0)
(67, 6, 130)
(7, 63, 150)
(54, 184, 248)
(55, 135, 114)
(16, 222, 186)
(240, 161, 161)
(140, 72, 247)
(248, 252, 165)
(198, 74, 64)
(81, 168, 109)
(46, 107, 53)
(221, 136, 214)
(245, 5, 68)
(59, 162, 0)
(181, 13, 185)
(153, 79, 153)
(12, 239, 156)
(136, 62, 240)
(203, 160, 144)
(16, 160, 2)
(29, 248, 223)
(138, 220, 24)
(179, 131, 66)
(161, 176, 142)
(65, 175, 152)
(20, 70, 125)
(246, 179, 3)
(129, 119, 34)
(201, 214, 73)
(216, 35, 20)
(242, 46, 78)
(186, 65, 29)
(213, 71, 152)
(69, 217, 7)
(216, 7, 210)
(168, 7, 249)
(207, 206, 242)
(137, 103, 6)
(198, 114, 134)
(48, 99, 52)
(75, 149, 150)
(163, 255, 83)
(221, 216, 205)
(109, 126, 117)
(151, 1, 133)
(155, 105, 107)
(92, 197, 150)
(63, 128, 115)
(90, 148, 33)
(60, 108, 239)
(195, 132, 135)
(109, 93, 35)
(56, 222, 141)
(2, 76, 180)
(82, 218, 149)
(2, 147, 133)
(141, 175, 133)
(224, 229, 236)
(68, 225, 57)
(21, 72, 118)
(83, 52, 122)
(146, 29, 50)
(24, 67, 225)
(164, 50, 67)
(210, 137, 123)
(104, 237, 11)
(32, 113, 197)
(173, 54, 170)
(64, 26, 252)
(64, 35, 103)
(33, 98, 194)
(63, 122, 9)
(218, 90, 13)
(165, 164, 233)
(54, 110, 133)
(68, 160, 99)
(196, 50, 246)
(252, 241, 21)
(37, 4, 43)
(12, 87, 111)
(96, 254, 61)
(84, 142, 227)
(121, 14, 238)
(210, 179, 245)
(55, 146, 7)
(30, 23, 238)
(89, 85, 42)
(117, 189, 79)
(55, 201, 187)
(223, 130, 53)
(88, 70, 168)
(57, 0, 165)
(248, 148, 136)
(44, 89, 70)
(24, 158, 155)
(185, 212, 143)
(52, 211, 205)
(125, 31, 167)
(137, 188, 221)
(107, 21, 97)
(251, 162, 30)
(107, 134, 104)
(145, 156, 66)
(92, 159, 116)
(181, 226, 221)
(22, 9, 71)
(208, 43, 40)
(182, 218, 194)
(216, 155, 220)
(102, 246, 248)
(246, 35, 58)
(210, 177, 31)
(47, 86, 233)
(78, 64, 150)
(15, 33, 241)
(60, 74, 113)
(189, 62, 152)
(175, 241, 81)
(34, 77, 250)
(123, 215, 239)
(169, 136, 239)
(213, 195, 2)
(59, 173, 157)
(236, 188, 19)
(98, 98, 37)
(126, 145, 131)
(177, 251, 174)
(94, 240, 133)
(239, 57, 109)
(71, 82, 106)
(105, 15, 137)
(145, 100, 71)
(71, 94, 85)
(119, 81, 192)
(181, 165, 153)
(5, 19, 93)
(80, 47, 20)
(3, 59, 105)
(193, 58, 139)
(72, 244, 38)
(39, 4, 216)
(244, 16, 235)
(68, 25, 217)
(210, 31, 151)
(27, 34, 138)
(220, 124, 119)
(7, 239, 242)
(148, 127, 108)
(148, 253, 207)
(231, 179, 97)
(208, 38, 15)
(89, 107, 123)
(227, 155, 144)
(213, 9, 114)
(16, 146, 50)
(189, 43, 195)
(236, 107, 200)
(214, 26, 224)
(255, 130, 152)
(67, 37, 210)
(177, 117, 19)
(186, 73, 52)
(149, 52, 224)
(218, 251, 110)
(83, 125, 180)
(117, 144, 148)
(22, 123, 45)
(202, 69, 166)
(136, 127, 80)
(12, 151, 245)
(249, 211, 226)
(75, 25, 210)
(195, 52, 237)
(52, 188, 195)
(168, 218, 147)
(163, 17, 94)
(22, 242, 252)
(20, 162, 129)
(94, 121, 68)
(254, 102, 175)
(40, 52, 72)
(49, 179, 22)
(184, 239, 68)
(126, 2, 115)
(182, 187, 225)
(179, 236, 113)
(60, 87, 223)
(2, 103, 138)
(195, 219, 85)
(11, 231, 0)
(84, 224, 145)
(247, 3, 118)
(164, 128, 73)
(98, 77, 175)
(205, 234, 64)
(103, 134, 210)
(195, 25, 49)
(108, 22, 141)
(207, 99, 97)
(238, 120, 89)
(214, 45, 201)
(70, 217, 231)
(68, 128, 252)
(176, 90, 254)
(182, 135, 10)
(205, 46, 249)
(215, 222, 159)
(129, 149, 122)
(30, 212, 15)
(225, 207, 147)
(98, 104, 200)
(37, 155, 188)
(161, 114, 17)
(76, 107, 97)
(232, 13, 86)
(67, 104, 50)
(73, 92, 219)
(119, 66, 111)
(38, 19, 164)
(14, 130, 81)
(22, 145, 59)
(186, 31, 167)
(27, 44, 29)
(140, 113, 23)
(160, 11, 88)
(6, 225, 54)
(129, 10, 135)
(50, 250, 221)
(102, 53, 21)
(197, 190, 150)
(36, 89, 141)
(139, 152, 188)
