Pixel : 
(180, 135, 160)
(235, 167, 181)
(234, 173, 184)
(228, 153, 182)
(232, 148, 191)
(231, 158, 176)
(233, 145, 190)
(230, 155, 177)
(232, 153, 190)
(230, 144, 176)
(238, 159, 188)
(224, 144, 178)
(145, 229, 227)
(227, 208, 175)
(237, 194, 167)
(220, 205, 165)
(159, 221, 169)
(221, 205, 166)
(237, 195, 169)
(226, 207, 166)
(239, 194, 168)
(224, 205, 167)
(239, 220, 168)
(224, 211, 167)
(236, 203, 203)
(226, 207, 163)
(210, 198, 173)
(221, 200, 162)
(158, 203, 201)
(222, 196, 153)
(215, 197, 148)
(216, 202, 155)
(212, 196, 154)
(213, 202, 151)
(216, 202, 159)
(215, 196, 140)
(217, 219, 162)
(214, 199, 138)
(217, 207, 133)
(214, 188, 138)
(216, 176, 220)
(214, 191, 133)
(220, 177, 143)
(206, 190, 127)
(193, 177, 113)
(205, 190, 125)
(194, 177, 114)
(206, 190, 126)
(199, 177, 117)
(202, 185, 116)
(197, 183, 123)
(202, 184, 116)
(160, 187, 200)
(239, 182, 195)
(231, 191, 177)
(232, 176, 190)
(230, 188, 176)
(232, 173, 190)
(228, 166, 182)
(234, 171, 184)
(231, 170, 183)
(232, 165, 184)
(230, 170, 183)
(233, 165, 184)
(245, 202, 225)
(171, 142, 255)
(233, 206, 187)
(170, 145, 252)
(236, 209, 190)
(170, 145, 252)
(234, 207, 188)
(168, 143, 250)
(234, 207, 186)
(168, 143, 248)
(232, 206, 183)
(166, 140, 247)
(231, 203, 181)
(167, 139, 245)
(229, 201, 179)
(165, 137, 243)
(229, 198, 178)
(165, 132, 240)
(226, 198, 177)
(163, 135, 240)
(227, 199, 177)
(162, 134, 240)
(226, 198, 176)
(160, 132, 238)
(227, 199, 175)
(161, 133, 237)
(223, 193, 169)
(156, 252, 231)
(222, 188, 163)
(159, 253, 226)
(223, 187, 163)
(158, 250, 226)
(224, 186, 163)
(161, 251, 226)
(223, 185, 162)
(159, 249, 224)
(220, 183, 157)
(154, 247, 221)
(218, 181, 155)
(152, 245, 219)
(218, 178, 153)
(153, 241, 214)
(214, 174, 149)
(151, 239, 212)
(214, 174, 148)
(150, 236, 213)
(213, 171, 146)
(151, 235, 206)
(211, 166, 137)
(147, 228, 199)
(208, 163, 132)
(143, 224, 195)
(207, 160, 130)
(143, 222, 192)
(206, 157, 127)
(139, 216, 58)
(201, 150, 121)
(138, 217, 58)
(203, 152, 123)
(137, 212, 57)
(200, 146, 118)
(134, 208, 52)
(199, 145, 117)
(135, 209, 53)
(245, 192, 233)
(233, 206, 187)
(171, 142, 253)
(236, 209, 190)
(172, 147, 254)
(235, 208, 189)
(168, 143, 248)
(232, 205, 184)
(169, 141, 246)
(231, 203, 182)
(164, 136, 242)
(228, 200, 178)
(162, 134, 240)
(227, 199, 177)
(165, 137, 243)
(228, 200, 178)
(164, 135, 243)
(229, 198, 178)
(165, 132, 241)
(229, 198, 177)
(165, 137, 243)
(229, 201, 179)
(164, 136, 242)
(229, 201, 179)
(165, 135, 239)
(226, 196, 172)
(158, 254, 231)
(221, 189, 164)
(156, 250, 227)
(221, 187, 162)
(159, 251, 227)
(222, 186, 162)
(156, 249, 223)
(221, 184, 158)
(154, 247, 221)
(218, 181, 155)
(152, 245, 219)
(215, 178, 152)
(153, 241, 214)
(216, 176, 151)
(153, 241, 214)
(214, 174, 149)
(148, 234, 211)
(212, 170, 145)
(149, 235, 208)
(215, 171, 146)
(151, 235, 208)
(214, 170, 143)
(147, 228, 201)
(209, 162, 132)
(141, 220, 62)
(200, 153, 123)
(137, 216, 58)
(201, 154, 124)
(138, 219, 61)
(201, 152, 122)
(137, 212, 57)
(200, 149, 120)
(136, 210, 54)
(198, 144, 116)
(132, 204, 51)
(197, 141, 114)
(133, 205, 48)
(194, 138, 111)
(254, 51, 235)
(173, 144, 255)
(235, 208, 189)
(173, 144, 255)
(235, 208, 189)
(166, 141, 248)
(228, 201, 180)
(162, 137, 242)
(228, 200, 179)
(165, 137, 242)
(227, 199, 177)
(163, 135, 241)
(227, 199, 177)
(165, 137, 243)
(229, 201, 179)
(167, 139, 245)
(230, 199, 178)
(167, 134, 242)
(230, 199, 178)
(167, 134, 243)
(232, 201, 180)
(169, 141, 247)
(233, 205, 183)
(173, 143, 247)
(227, 197, 173)
(160, 130, 234)
(223, 191, 166)
(157, 253, 226)
(221, 187, 162)
(157, 251, 224)
(221, 185, 161)
(156, 248, 224)
(220, 183, 157)
(154, 247, 221)
(218, 181, 155)
(152, 245, 219)
(216, 179, 153)
(153, 242, 216)
(217, 177, 152)
(153, 241, 214)
(216, 176, 151)
(150, 236, 212)
(213, 171, 146)
(151, 235, 208)
(213, 169, 144)
(149, 233, 206)
(211, 167, 142)
(146, 228, 202)
(209, 162, 134)
(143, 222, 192)
(201, 154, 124)
(132, 215, 57)
(197, 150, 120)
(136, 217, 59)
(201, 152, 122)
(137, 214, 56)
(200, 149, 120)
(134, 213, 54)
(198, 144, 116)
(130, 204, 48)
(194, 138, 111)
(128, 200, 47)
(191, 135, 108)
(252, 196, 43)
(190, 140, 228)
(233, 206, 187)
(166, 141, 248)
(231, 204, 185)
(166, 138, 247)
(229, 201, 180)
(163, 135, 240)
(226, 198, 177)
(162, 134, 240)
(227, 199, 177)
(164, 135, 240)
(229, 198, 177)
(167, 137, 241)
(230, 200, 176)
(167, 137, 241)
(231, 200, 179)
(166, 134, 243)
(230, 198, 177)
(167, 135, 240)
(230, 198, 177)
(166, 134, 241)
(232, 200, 177)
(168, 136, 243)
(233, 201, 178)
(163, 131, 234)
(224, 192, 167)
(158, 252, 229)
(221, 187, 162)
(156, 248, 222)
(220, 184, 158)
(156, 249, 223)
(221, 184, 158)
(154, 247, 221)
(218, 181, 155)
(153, 242, 216)
(216, 179, 153)
(152, 240, 217)
(217, 177, 152)
(153, 239, 212)
(215, 173, 148)
(148, 234, 211)
(215, 171, 146)
(151, 235, 208)
(214, 168, 144)
(149, 231, 207)
(210, 164, 140)
(142, 224, 198)
(206, 159, 133)
(141, 220, 192)
(203, 154, 124)
(137, 214, 56)
(197, 148, 118)
(132, 213, 55)
(199, 148, 119)
(135, 210, 55)
(196, 145, 116)
(134, 208, 52)
(198, 144, 116)
(133, 205, 48)
(193, 137, 110)
(129, 201, 44)
(191, 135, 108)
(255, 196, 43)
(187, 130, 103)
(255, 49, 237)
(163, 134, 245)
(225, 198, 179)
(163, 134, 245)
(228, 200, 179)
(165, 137, 242)
(227, 199, 178)
(163, 135, 240)
(227, 199, 177)
(162, 134, 240)
(230, 199, 178)
(167, 134, 243)
(229, 199, 175)
(165, 135, 239)
(227, 197, 173)
(163, 133, 237)
(227, 195, 174)
(163, 131, 236)
(226, 194, 173)
(160, 128, 235)
(225, 193, 170)
(160, 128, 235)
(223, 191, 168)
(159, 255, 228)
(222, 190, 165)
(159, 253, 226)
(220, 186, 161)
(154, 246, 220)
(218, 182, 156)
(155, 247, 221)
(218, 181, 155)
(155, 244, 218)
(217, 180, 154)
(153, 242, 216)
(214, 177, 151)
(148, 241, 215)
(214, 174, 149)
(148, 236, 213)
(211, 169, 144)
(144, 230, 207)
(208, 164, 139)
(145, 229, 202)
(210, 164, 140)
(144, 226, 202)
(208, 162, 138)
(143, 223, 198)
(203, 156, 130)
(138, 216, 63)
(200, 151, 121)
(134, 215, 57)
(197, 148, 118)
(130, 211, 53)
(196, 145, 116)
(130, 209, 50)
(192, 141, 112)
(253, 200, 45)
(191, 137, 109)
(254, 200, 44)
(191, 135, 108)
(252, 196, 43)
(189, 133, 106)
(253, 197, 40)
(187, 130, 103)
(248, 193, 36)
(239, 58, 217)
(227, 198, 180)
(160, 132, 241)
(227, 199, 178)
(167, 139, 244)
(230, 202, 181)
(167, 134, 243)
(228, 197, 176)
(165, 132, 241)
(228, 197, 176)
(165, 133, 236)
(228, 196, 173)
(162, 130, 237)
(226, 194, 171)
(160, 128, 235)
(224, 192, 169)
(161, 252, 230)
(224, 189, 167)
(161, 252, 230)
(225, 190, 168)
(161, 252, 230)
(223, 189, 164)
(157, 251, 224)
(218, 184, 159)
(154, 248, 225)
(218, 182, 156)
(153, 245, 219)
(216, 179, 153)
(153, 242, 216)
(215, 178, 151)
(152, 240, 214)
(216, 176, 150)
(151, 240, 215)
(213, 176, 149)
(148, 236, 210)
(213, 173, 147)
(148, 234, 211)
(211, 169, 144)
(144, 228, 205)
(207, 163, 138)
(140, 222, 196)
(205, 159, 133)
(143, 222, 196)
(205, 158, 132)
(141, 220, 194)
(204, 154, 129)
(139, 217, 62)
(202, 150, 126)
(137, 212, 59)
(199, 148, 119)
(132, 211, 52)
(195, 144, 115)
(133, 207, 51)
(194, 140, 112)
(252, 198, 42)
(184, 130, 102)
(246, 62, 37)
(185, 129, 102)
(251, 192, 39)
(185, 128, 101)
(248, 193, 36)
(184, 127, 100)
(247, 60, 35)
(180, 123, 96)
(229, 58, 217)
(166, 139, 249)
(229, 201, 180)
(167, 139, 244)
(233, 205, 184)
(169, 141, 246)
(229, 198, 177)
(163, 130, 239)
(225, 194, 173)
(160, 131, 236)
(225, 193, 170)
(161, 129, 232)
(224, 192, 169)
(161, 129, 232)
(223, 191, 168)
(158, 254, 233)
(221, 186, 164)
(159, 250, 228)
(224, 189, 167)
(160, 254, 231)
(225, 191, 166)
(161, 255, 228)
(221, 187, 162)
(157, 249, 223)
(216, 180, 154)
(153, 242, 216)
(214, 177, 151)
(148, 241, 212)
(213, 176, 149)
(149, 238, 213)
(214, 174, 148)
(151, 239, 213)
(212, 172, 146)
(149, 237, 211)
(211, 171, 145)
(146, 234, 208)
(212, 170, 145)
(147, 233, 206)
(209, 165, 140)
(143, 227, 198)
(205, 159, 133)
(143, 222, 196)
(205, 158, 132)
(140, 218, 195)
(203, 153, 128)
(139, 215, 63)
(201, 149, 125)
(137, 212, 59)
(201, 150, 121)
(137, 212, 57)
(198, 147, 118)
(130, 209, 50)
(195, 141, 113)
(129, 203, 47)
(186, 132, 104)
(244, 62, 34)
(179, 123, 96)
(244, 60, 35)
(183, 126, 99)
(247, 60, 35)
(181, 124, 97)
(242, 59, 30)
(177, 120, 93)
(238, 55, 26)
(228, 55, 211)
(229, 201, 180)
(167, 139, 244)
(230, 202, 181)
(165, 132, 241)
(226, 195, 174)
(160, 131, 236)
(223, 192, 171)
(159, 255, 230)
(220, 188, 165)
(159, 250, 228)
(222, 187, 165)
(156, 250, 227)
(219, 185, 160)
(152, 246, 223)
(218, 184, 159)
(161, 253, 229)
(222, 186, 162)
(158, 250, 226)
(226, 190, 166)
(159, 251, 227)
(214, 177, 151)
(147, 236, 210)
(211, 174, 148)
(148, 241, 215)
(216, 176, 150)
(152, 240, 214)
(216, 176, 150)
(148, 236, 210)
(210, 171, 142)
(145, 232, 205)
(207, 168, 139)
(145, 232, 205)
(210, 169, 141)
(149, 234, 206)
(213, 172, 144)
(148, 232, 207)
(209, 165, 138)
(140, 222, 196)
(202, 156, 130)
(137, 216, 62)
(199, 152, 124)
(137, 215, 58)
(201, 150, 123)
(139, 214, 61)
(203, 149, 123)
(136, 210, 56)
(199, 145, 119)
(135, 209, 53)
(194, 140, 112)
(128, 202, 46)
(192, 138, 110)
(255, 199, 42)
(190, 134, 107)
(255, 199, 42)
(188, 132, 105)
(251, 192, 39)
(182, 125, 98)
(242, 59, 30)
(178, 121, 94)
(242, 59, 30)
(179, 122, 95)
(242, 54, 28)
(177, 117, 91)
(234, 63, 193)
(165, 137, 242)
(229, 201, 180)
(165, 137, 242)
(226, 195, 174)
(161, 128, 237)
(223, 192, 171)
(156, 255, 232)
(225, 193, 170)
(161, 129, 232)
(226, 191, 169)
(160, 255, 233)
(221, 187, 162)
(153, 247, 220)
(215, 181, 156)
(153, 247, 220)
(217, 181, 157)
(150, 242, 218)
(216, 180, 156)
(154, 246, 220)
(219, 182, 156)
(151, 240, 214)
(212, 175, 149)
(153, 241, 215)
(218, 178, 152)
(155, 243, 217)
(217, 177, 151)
(151, 238, 211)
(211, 172, 143)
(145, 232, 205)
(206, 167, 138)
(142, 231, 203)
(206, 165, 137)
(140, 229, 201)
(203, 162, 134)
(141, 225, 196)
(204, 160, 133)
(140, 222, 196)
(205, 159, 133)
(140, 223, 197)
(205, 158, 130)
(138, 216, 63)
(199, 148, 121)
(132, 211, 54)
(199, 145, 119)
(137, 211, 57)
(200, 146, 120)
(137, 211, 55)
(194, 140, 112)
(254, 200, 44)
(190, 136, 108)
(252, 198, 42)
(189, 133, 106)
(255, 199, 42)
(190, 134, 107)
(253, 197, 40)
(188, 131, 104)
(248, 193, 36)
(182, 125, 98)
(245, 58, 33)
(180, 123, 96)
(242, 59, 30)
(179, 119, 93)
(240, 52, 26)
(230, 49, 201)
(228, 197, 176)
(164, 135, 240)
(228, 197, 176)
(161, 128, 237)
(222, 191, 170)
(159, 255, 230)
(220, 188, 165)
(163, 254, 232)
(225, 190, 168)
(160, 252, 228)
(223, 187, 163)
(155, 247, 223)
(214, 178, 154)
(151, 243, 219)
(215, 179, 155)
(151, 240, 214)
(211, 174, 148)
(146, 239, 213)
(215, 178, 151)
(152, 240, 214)
(215, 175, 149)
(151, 239, 213)
(217, 175, 150)
(155, 241, 214)
(219, 175, 148)
(152, 236, 211)
(214, 170, 143)
(146, 230, 205)
(207, 166, 136)
(142, 231, 201)
(206, 165, 135)
(143, 227, 198)
(206, 160, 134)
(141, 222, 195)
(202, 157, 128)
(136, 221, 62)
(200, 153, 125)
(135, 214, 58)
(199, 149, 122)
(138, 216, 63)
(202, 151, 124)
(134, 213, 54)
(200, 146, 118)
(137, 211, 55)
(199, 145, 117)
(132, 204, 51)
(194, 138, 111)
(254, 198, 45)
(188, 133, 103)
(251, 194, 36)
(186, 131, 101)
(248, 195, 37)
(186, 131, 101)
(251, 194, 36)
(184, 129, 99)
(248, 193, 34)
(183, 126, 97)
(244, 61, 30)
(179, 122, 93)
(243, 56, 29)
(177, 120, 91)
(238, 55, 24)
(174, 117, 88)
(232, 61, 197)
(162, 133, 238)
(227, 196, 175)
(160, 131, 236)
(221, 190, 169)
(157, 252, 233)
(221, 189, 166)
(157, 253, 228)
(220, 185, 163)
(155, 246, 224)
(217, 181, 157)
(150, 242, 218)
(213, 177, 153)
(148, 240, 216)
(214, 178, 154)
(153, 245, 219)
(215, 178, 152)
(151, 240, 214)
(214, 177, 150)
(153, 242, 217)
(217, 177, 151)
(151, 239, 213)
(212, 170, 145)
(146, 235, 207)
(214, 170, 143)
(148, 232, 207)
(212, 168, 141)
(147, 231, 200)
(209, 165, 136)
(144, 228, 201)
(206, 165, 135)
(145, 229, 198)
(205, 160, 131)
(141, 223, 197)
(203, 158, 129)
(139, 218, 62)
(201, 154, 126)
(134, 217, 61)
(199, 149, 122)
(132, 210, 57)
(200, 149, 122)
(135, 210, 57)
(199, 145, 117)
(134, 208, 52)
(199, 145, 117)
(133, 207, 51)
(193, 137, 110)
(253, 197, 40)
(188, 133, 103)
(249, 192, 34)
(182, 127, 97)
(247, 62, 32)
(180, 125, 95)
(244, 63, 33)
(181, 126, 96)
(243, 58, 28)
(179, 122, 93)
(243, 56, 29)
(177, 120, 91)
(238, 55, 24)
(174, 117, 88)
(236, 53, 22)
(173, 116, 87)
(237, 50, 23)
(229, 45, 196)
(225, 194, 173)
(161, 128, 237)
(222, 191, 170)
(154, 250, 229)
(219, 187, 164)
(158, 253, 231)
(223, 188, 166)
(154, 248, 225)
(215, 181, 156)
(146, 238, 214)
(210, 174, 150)
(151, 241, 216)
(217, 179, 156)
(154, 247, 221)
(218, 181, 155)
(155, 244, 218)
(218, 181, 154)
(156, 244, 218)
(221, 181, 155)
(157, 242, 214)
(215, 174, 146)
(146, 230, 205)
(208, 164, 137)
(147, 229, 203)
(209, 164, 135)
(145, 226, 199)
(208, 163, 134)
(142, 226, 199)
(206, 163, 131)
(140, 227, 195)
(203, 159, 130)
(139, 220, 193)
(200, 153, 125)
(133, 212, 56)
(196, 146, 119)
(133, 211, 54)
(198, 148, 121)
(139, 214, 59)
(204, 153, 124)
(134, 213, 54)
(196, 145, 116)
(128, 202, 46)
(191, 137, 109)
(254, 200, 44)
(191, 137, 109)
(254, 198, 45)
(190, 134, 107)
(248, 195, 37)
(182, 127, 97)
(245, 60, 30)
(180, 125, 95)
(243, 58, 28)
(178, 123, 93)
(242, 61, 31)
(177, 122, 92)
(240, 59, 29)
(176, 121, 91)
(238, 57, 27)
(173, 118, 88)
(236, 53, 22)
(173, 116, 87)
(237, 50, 23)
(172, 115, 86)
(232, 33, 203)
(159, 254, 235)
(220, 189, 168)
(155, 250, 231)
(216, 184, 161)
(155, 251, 226)
(224, 189, 167)
(161, 252, 230)
(223, 189, 164)
(155, 249, 222)
(213, 177, 153)
(146, 238, 214)
(216, 178, 155)
(157, 247, 222)
(219, 182, 156)
(153, 242, 216)
(214, 177, 150)
(153, 242, 217)
(220, 180, 154)
(154, 242, 216)
(217, 176, 148)
(148, 237, 209)
(211, 167, 140)
(145, 229, 200)
(209, 164, 135)
(142, 227, 196)
(205, 160, 131)
(140, 225, 194)
(204, 161, 129)
(139, 222, 62)
(199, 156, 124)
(135, 216, 59)
(200, 153, 125)
(137, 215, 58)
(197, 147, 120)
(131, 209, 52)
(193, 143, 116)
(129, 207, 50)
(193, 142, 113)
(129, 204, 49)
(192, 141, 112)
(254, 205, 46)
(190, 136, 108)
(252, 198, 42)
(189, 135, 107)
(253, 199, 43)
(187, 131, 104)
(248, 192, 39)
(181, 126, 96)
(245, 60, 30)
(180, 125, 95)
(245, 60, 30)
(178, 123, 93)
(242, 61, 31)
(181, 126, 96)
(245, 60, 30)
(181, 126, 96)
(242, 61, 31)
(176, 121, 91)
(239, 54, 24)
(174, 117, 88)
(236, 53, 22)
(173, 116, 87)
(237, 50, 23)
(227, 41, 195)
(219, 188, 167)
(152, 251, 228)
(214, 183, 162)
(148, 244, 223)
(216, 184, 161)
(161, 252, 230)
(226, 191, 169)
(161, 253, 229)
(220, 184, 160)
(152, 242, 221)
(214, 176, 153)
(153, 242, 216)
(217, 180, 154)
(153, 241, 214)
(211, 171, 146)
(144, 232, 206)
(212, 173, 144)
(149, 236, 209)
(210, 171, 142)
(145, 230, 202)
(210, 166, 139)
(146, 231, 200)
(211, 166, 137)
(146, 229, 201)
(208, 161, 133)
(138, 223, 62)
(202, 157, 126)
(136, 221, 60)
(200, 155, 124)
(133, 216, 56)
(195, 150, 119)
(137, 215, 58)
(201, 150, 123)
(137, 212, 59)
(198, 147, 120)
(130, 209, 50)
(190, 139, 110)
(248, 199, 40)
(182, 131, 102)
(253, 199, 43)
(189, 135, 107)
(255, 201, 45)
(190, 136, 108)
(253, 198, 41)
(185, 132, 101)
(247, 62, 32)
(179, 124, 94)
(243, 60, 31)
(178, 125, 94)
(242, 63, 30)
(179, 126, 95)
(240, 59, 29)
(177, 122, 92)
(245, 60, 30)
(181, 126, 96)
(244, 63, 33)
(178, 123, 93)
(239, 54, 24)
(172, 117, 87)
(237, 52, 22)
(172, 117, 87)
(234, 53, 23)
(170, 115, 85)
(216, 32, 54)
(155, 251, 226)
(215, 183, 160)
(148, 244, 223)
(213, 178, 156)
(152, 247, 225)
(225, 189, 167)
(162, 254, 230)
(220, 184, 160)
(157, 247, 222)
(217, 179, 156)
(153, 238, 216)
(215, 175, 150)
(151, 239, 212)
(209, 169, 144)
(140, 226, 203)
(205, 163, 138)
(142, 231, 203)
(206, 165, 137)
(139, 224, 196)
(202, 158, 131)
(143, 225, 199)
(210, 164, 138)
(151, 230, 202)
(211, 164, 136)
(142, 225, 197)
(203, 156, 128)
(137, 216, 58)
(200, 153, 123)
(137, 216, 58)
(197, 152, 121)
(133, 212, 54)
(200, 149, 120)
(135, 210, 55)
(197, 146, 117)
(133, 208, 53)
(195, 144, 115)
(131, 206, 51)
(192, 141, 112)
(128, 202, 46)
(190, 136, 108)
(252, 198, 42)
(188, 134, 106)
(248, 194, 38)
(182, 129, 98)
(244, 63, 33)
(181, 126, 96)
(244, 63, 33)
(177, 124, 93)
(243, 60, 31)
(179, 126, 95)
(243, 60, 31)
(174, 119, 89)
(239, 54, 24)
(177, 122, 92)
(243, 58, 28)
(176, 121, 91)
(236, 55, 25)
(169, 114, 84)
(230, 49, 19)
(168, 113, 83)
(235, 50, 20)
(169, 114, 84)
(233, 48, 18)
(252, 193, 37)
(226, 190, 168)
(158, 250, 228)
(217, 181, 157)
(148, 238, 217)
(212, 174, 151)
(151, 241, 216)
(218, 178, 153)
(152, 240, 217)
(214, 174, 149)
(148, 236, 213)
(215, 173, 149)
(148, 234, 210)
(208, 166, 142)
(143, 229, 202)
(209, 165, 140)
(144, 228, 205)
(206, 162, 137)
(139, 223, 196)
(200, 154, 130)
(134, 216, 192)
(201, 153, 130)
(139, 219, 194)
(205, 155, 130)
(145, 223, 196)
(206, 156, 131)
(138, 216, 193)
(200, 150, 125)
(137, 213, 61)
(199, 148, 121)
(135, 210, 57)
(197, 146, 117)
(135, 209, 53)
(197, 141, 114)
(133, 205, 48)
(194, 139, 109)
(128, 203, 45)
(192, 137, 107)
(255, 198, 40)
(189, 134, 104)
(251, 194, 36)
(184, 127, 98)
(245, 58, 31)
(180, 123, 94)
(246, 63, 32)
(184, 127, 98)
(247, 60, 33)
(179, 122, 93)
(238, 54, 29)
(174, 118, 91)
(241, 57, 28)
(176, 120, 93)
(234, 50, 25)
(170, 114, 87)
(236, 52, 27)
(171, 115, 88)
(232, 48, 23)
(169, 113, 86)
(232, 48, 23)
(170, 114, 87)
(235, 51, 22)
(168, 112, 85)
(233, 49, 20)
(168, 112, 85)
(179, 179, 49)
(159, 249, 224)
(221, 183, 160)
(152, 242, 221)
(217, 176, 154)
(155, 243, 216)
(218, 178, 153)
(152, 240, 217)
(212, 170, 146)
(144, 230, 206)
(208, 166, 142)
(147, 233, 209)
(213, 168, 145)
(144, 229, 204)
(205, 161, 136)
(141, 225, 198)
(209, 163, 139)
(143, 225, 201)
(202, 156, 132)
(134, 216, 192)
(199, 151, 128)
(137, 217, 192)
(204, 154, 131)
(141, 219, 192)
(206, 154, 130)
(141, 217, 193)
(201, 149, 125)
(134, 210, 58)
(200, 146, 122)
(134, 208, 56)
(198, 144, 118)
(132, 206, 50)
(196, 141, 111)
(130, 205, 47)
(193, 138, 108)
(254, 201, 43)
(190, 135, 105)
(253, 196, 38)
(186, 131, 101)
(249, 192, 34)
(183, 126, 97)
(244, 61, 30)
(178, 121, 92)
(243, 56, 29)
(180, 123, 94)
(245, 58, 31)
(179, 122, 93)
(240, 57, 26)
(173, 117, 90)
(237, 53, 24)
(175, 119, 92)
(238, 54, 29)
(170, 114, 87)
(235, 51, 22)
(172, 116, 89)
(235, 51, 22)
(168, 112, 85)
(230, 46, 21)
(167, 111, 84)
(233, 49, 20)
(168, 112, 85)
(230, 46, 21)
(166, 110, 83)
(230, 46, 21)
(189, 189, 56)
(217, 180, 154)
(155, 243, 216)
(217, 177, 152)
(152, 240, 217)
(218, 178, 153)
(153, 241, 214)
(213, 173, 147)
(145, 231, 204)
(204, 162, 137)
(143, 227, 200)
(210, 166, 141)
(149, 233, 206)
(211, 167, 142)
(142, 226, 203)
(206, 162, 137)
(146, 228, 202)
(208, 162, 136)
(141, 223, 197)
(201, 155, 129)
(137, 216, 62)
(199, 152, 126)
(136, 214, 63)
(202, 152, 127)
(139, 215, 63)
(200, 149, 122)
(137, 211, 57)
(198, 144, 118)
(133, 207, 53)
(195, 141, 115)
(130, 202, 51)
(195, 139, 114)
(128, 200, 47)
(191, 136, 106)
(252, 199, 41)
(187, 132, 102)
(248, 195, 37)
(183, 128, 98)
(244, 63, 33)
(180, 125, 95)
(242, 59, 28)
(178, 121, 92)
(241, 54, 27)
(175, 118, 89)
(241, 54, 27)
(176, 119, 90)
(239, 52, 25)
(173, 116, 87)
(234, 50, 25)
(171, 115, 88)
(236, 52, 27)
(173, 117, 90)
(235, 51, 22)
(169, 113, 86)
(234, 50, 25)
(169, 113, 86)
(230, 46, 21)
(166, 110, 83)
(228, 44, 19)
(166, 110, 83)
(228, 44, 19)
(164, 108, 81)
(229, 45, 16)
(165, 109, 82)
(179, 179, 59)
(149, 238, 212)
(214, 174, 149)
(148, 236, 213)
(213, 173, 148)
(148, 236, 210)
(211, 171, 145)
(144, 232, 206)
(207, 165, 140)
(140, 226, 203)
(207, 163, 138)
(147, 231, 204)
(212, 168, 143)
(148, 232, 207)
(212, 168, 141)
(149, 233, 204)
(215, 169, 143)
(149, 231, 205)
(207, 161, 135)
(139, 221, 195)
(200, 153, 127)
(135, 214, 60)
(198, 148, 123)
(132, 210, 57)
(198, 147, 120)
(133, 208, 55)
(196, 142, 116)
(131, 205, 51)
(193, 139, 113)
(129, 203, 49)
(192, 136, 111)
(254, 198, 45)
(189, 134, 104)
(253, 196, 38)
(186, 131, 101)
(249, 192, 34)
(183, 128, 98)
(244, 63, 33)
(179, 124, 94)
(243, 58, 28)
(179, 122, 93)
(243, 56, 29)
(176, 119, 90)
(238, 55, 24)
(173, 116, 87)
(237, 50, 23)
(171, 114, 85)
(235, 48, 21)
(169, 113, 86)
(232, 48, 23)
(171, 115, 88)
(234, 50, 25)
(170, 114, 87)
(232, 48, 23)
(169, 113, 86)
(232, 48, 23)
(166, 110, 83)
(229, 45, 16)
(163, 107, 80)
(229, 45, 16)
(164, 108, 81)
(226, 42, 17)
(163, 107, 80)
(229, 45, 16)
(189, 188, 50)
(211, 171, 145)
(146, 234, 208)
(209, 169, 143)
(144, 230, 207)
(209, 168, 140)
(144, 233, 205)
(209, 168, 140)
(145, 229, 200)
(207, 163, 136)
(143, 227, 198)
(206, 162, 135)
(142, 224, 198)
(207, 161, 135)
(144, 226, 200)
(211, 166, 137)
(148, 231, 203)
(210, 163, 135)
(143, 222, 194)
(202, 155, 127)
(136, 214, 61)
(198, 148, 121)
(130, 208, 55)
(194, 144, 117)
(131, 206, 53)
(193, 142, 113)
(128, 202, 46)
(191, 137, 109)
(255, 201, 45)
(189, 135, 107)
(252, 196, 43)
(188, 132, 105)
(248, 195, 37)
(185, 130, 100)
(249, 192, 34)
(183, 128, 98)
(247, 62, 32)
(181, 126, 96)
(245, 60, 30)
(179, 124, 94)
(245, 58, 31)
(179, 122, 93)
(243, 56, 29)
(175, 118, 89)
(236, 53, 22)
(171, 114, 85)
(232, 49, 18)
(168, 111, 82)
(230, 46, 21)
(168, 112, 85)
(233, 49, 20)
(168, 112, 85)
(232, 48, 23)
(168, 112, 85)
(233, 49, 20)
(168, 112, 85)
(228, 44, 19)
(163, 107, 80)
(226, 42, 17)
(163, 107, 80)
(226, 42, 17)
(162, 106, 79)
(227, 43, 14)
(163, 107, 80)
(178, 179, 63)
(145, 233, 207)
(208, 168, 142)
(143, 230, 203)
(205, 164, 136)
(143, 228, 200)
(208, 167, 139)
(145, 230, 202)
(205, 161, 134)
(140, 224, 199)
(203, 159, 132)
(137, 221, 62)
(198, 153, 124)
(132, 217, 58)
(199, 154, 125)
(136, 221, 62)
(204, 157, 129)
(138, 221, 193)
(200, 153, 125)
(132, 215, 59)
(197, 147, 120)
(130, 208, 55)
(193, 143, 116)
(254, 204, 51)
(191, 140, 111)
(255, 202, 47)
(190, 136, 108)
(252, 198, 42)
(188, 134, 106)
(251, 197, 41)
(186, 130, 103)
(249, 193, 36)
(182, 127, 97)
(246, 193, 35)
(183, 128, 98)
(247, 62, 32)
(181, 126, 96)
(245, 60, 30)
(180, 125, 95)
(245, 60, 30)
(181, 124, 95)
(245, 58, 31)
(178, 121, 92)
(238, 55, 24)
(173, 116, 87)
(235, 48, 21)
(167, 110, 81)
(231, 44, 17)
(165, 109, 82)
(230, 46, 21)
(166, 110, 83)
(228, 44, 19)
(167, 111, 84)
(231, 47, 18)
(165, 109, 82)
(230, 46, 21)
(164, 108, 81)
(227, 43, 14)
(162, 106, 79)
(227, 43, 14)
(162, 106, 79)
(224, 40, 15)
(161, 105, 78)
(227, 43, 14)
(188, 189, 55)
(207, 166, 138)
(140, 229, 201)
(204, 163, 133)
(140, 224, 197)
(206, 162, 133)
(140, 224, 197)
(204, 160, 131)
(141, 222, 195)
(203, 158, 129)
(136, 221, 62)
(198, 153, 122)
(132, 215, 57)
(196, 149, 119)
(133, 212, 54)
(196, 149, 119)
(137, 214, 56)
(199, 150, 120)
(132, 213, 55)
(196, 147, 117)
(130, 211, 53)
(193, 144, 114)
(129, 204, 49)
(190, 139, 110)
(254, 200, 44)
(190, 136, 108)
(253, 198, 41)
(187, 134, 103)
(251, 194, 36)
(184, 129, 99)
(246, 193, 35)
(181, 126, 96)
(245, 60, 30)
(180, 125, 95)
(245, 60, 30)
(180, 125, 95)
(242, 61, 31)
(178, 123, 93)
(243, 58, 28)
(179, 124, 94)
(242, 59, 28)
(177, 120, 91)
(238, 55, 24)
(173, 116, 87)
(234, 51, 20)
(169, 112, 83)
(231, 44, 17)
(164, 107, 78)
(229, 45, 16)
(165, 109, 82)
(226, 42, 17)
(162, 106, 79)
(229, 45, 16)
(163, 107, 80)
(227, 43, 14)
(165, 109, 82)
(227, 43, 14)
(161, 105, 78)
(224, 40, 15)
(162, 106, 79)
(227, 43, 14)
(160, 104, 77)
(225, 41, 12)
(161, 105, 78)
(179, 179, 60)
(140, 229, 201)
(202, 161, 131)
(136, 225, 195)
(203, 159, 130)
(139, 223, 192)
(199, 155, 126)
(130, 214, 59)
(203, 158, 129)
(139, 220, 193)
(201, 156, 125)
(137, 218, 61)
(202, 155, 125)
(136, 219, 61)
(200, 153, 123)
(135, 214, 56)
(199, 150, 120)
(135, 212, 54)
(197, 148, 118)
(130, 211, 53)
(194, 145, 115)
(129, 206, 48)
(190, 139, 110)
(252, 203, 44)
(190, 136, 108)
(252, 198, 42)
(187, 134, 103)
(248, 197, 36)
(185, 130, 100)
(246, 193, 35)
(181, 126, 96)
(242, 61, 31)
(178, 123, 93)
(243, 58, 28)
(179, 124, 94)
(243, 58, 28)
(177, 122, 92)
(241, 56, 26)
(176, 121, 91)
(240, 59, 29)
(176, 119, 90)
(239, 52, 25)
(172, 115, 86)
(234, 51, 20)
(170, 113, 84)
(233, 46, 19)
(165, 108, 79)
(227, 40, 13)
(163, 107, 80)
(229, 45, 16)
(161, 105, 78)
(222, 38, 13)
(162, 106, 79)
(227, 43, 14)
(160, 104, 77)
(229, 45, 16)
(161, 105, 78)
(225, 41, 12)
(161, 105, 78)
(227, 43, 14)
(161, 105, 78)
(225, 41, 12)
(159, 103, 76)
(225, 41, 12)
(188, 189, 46)
(206, 162, 133)
(139, 223, 192)
(200, 156, 127)
(141, 222, 193)
(208, 163, 132)
(142, 227, 194)
(203, 158, 127)
(137, 216, 58)
(198, 151, 121)
(132, 215, 57)
(199, 152, 122)
(138, 219, 59)
(202, 153, 121)
(130, 211, 51)
(189, 140, 108)
(248, 199, 38)
(187, 136, 105)
(253, 200, 43)
(189, 138, 107)
(252, 203, 42)
(188, 137, 106)
(253, 198, 41)
(187, 134, 103)
(251, 196, 39)
(184, 131, 100)
(248, 197, 36)
(185, 132, 101)
(249, 192, 34)
(183, 128, 98)
(247, 62, 32)
(178, 123, 93)
(238, 57, 27)
(174, 119, 89)
(236, 55, 25)
(173, 118, 88)
(236, 55, 25)
(172, 117, 87)
(234, 53, 23)
(170, 115, 85)
(237, 50, 23)
(171, 114, 85)
(235, 48, 21)
(169, 112, 83)
(232, 49, 18)
(168, 111, 82)
(230, 47, 16)
(166, 109, 80)
(229, 45, 16)
(164, 108, 81)
(226, 42, 17)
(161, 105, 78)
(225, 41, 12)
(160, 104, 77)
(225, 41, 12)
(160, 104, 77)
(224, 40, 15)
(161, 105, 78)
(227, 43, 14)
(163, 107, 80)
(227, 43, 14)
(161, 105, 78)
(223, 39, 10)
(156, 100, 73)
(178, 179, 39)
(143, 227, 196)
(202, 158, 129)
(136, 221, 62)
(203, 158, 127)
(143, 224, 195)
(203, 158, 127)
(134, 219, 58)
(198, 151, 121)
(133, 212, 54)
(195, 148, 118)
(135, 214, 56)
(202, 153, 121)
(137, 214, 54)
(194, 145, 113)
(252, 205, 45)
(186, 135, 104)
(250, 201, 40)
(188, 137, 106)
(253, 200, 43)
(188, 137, 106)
(251, 198, 41)
(186, 133, 102)
(248, 197, 36)
(184, 131, 100)
(247, 192, 35)
(183, 130, 99)
(246, 195, 34)
(182, 127, 97)
(244, 63, 33)
(180, 125, 95)
(240, 59, 29)
(176, 121, 91)
(238, 57, 27)
(174, 119, 89)
(239, 54, 24)
(173, 118, 88)
(237, 52, 22)
(171, 116, 86)
(235, 50, 20)
(172, 115, 86)
(237, 50, 23)
(171, 114, 85)
(235, 48, 21)
(169, 112, 83)
(233, 46, 19)
(167, 110, 81)
(230, 47, 16)
(164, 108, 81)
(229, 45, 16)
(163, 107, 80)
(226, 42, 17)
(163, 107, 80)
(226, 42, 17)
(163, 107, 80)
(226, 42, 17)
(163, 107, 80)
(226, 42, 17)
(163, 107, 80)
(226, 42, 17)
(162, 106, 79)
(225, 41, 12)
(158, 102, 75)
(221, 37, 8)
(188, 189, 43)
(203, 158, 127)
(137, 218, 61)
(199, 152, 122)
(136, 219, 61)
(203, 156, 126)
(137, 216, 58)
(195, 148, 118)
(130, 211, 53)
(195, 146, 116)
(133, 210, 50)
(199, 150, 118)
(136, 215, 54)
(200, 149, 118)
(130, 209, 48)
(190, 139, 108)
(250, 200, 41)
(187, 137, 104)
(252, 201, 40)
(189, 136, 105)
(253, 198, 41)
(186, 133, 102)
(249, 194, 37)
(182, 129, 98)
(244, 193, 32)
(179, 126, 95)
(245, 60, 30)
(180, 125, 95)
(243, 58, 28)
(178, 123, 93)
(243, 59, 30)
(176, 120, 93)
(241, 56, 26)
(175, 120, 90)
(239, 54, 24)
(174, 119, 89)
(236, 55, 25)
(172, 117, 87)
(235, 50, 20)
(169, 114, 84)
(234, 51, 20)
(172, 115, 86)
(237, 50, 23)
(171, 114, 85)
(232, 49, 18)
(168, 111, 82)
(230, 47, 16)
(167, 110, 81)
(228, 44, 19)
(164, 108, 81)
(229, 45, 16)
(163, 107, 80)
(226, 42, 17)
(163, 107, 80)
(226, 42, 17)
(163, 107, 80)
(224, 40, 15)
(161, 105, 78)
(224, 40, 15)
(161, 105, 78)
(225, 41, 12)
(159, 103, 76)
(220, 36, 11)
(155, 99, 72)
(179, 179, 40)
(135, 216, 59)
(197, 150, 120)
(133, 212, 54)
(197, 150, 120)
(134, 217, 59)
(196, 149, 119)
(129, 208, 50)
(191, 142, 112)
(129, 206, 48)
(194, 145, 113)
(132, 213, 53)
(199, 148, 117)
(132, 211, 50)
(193, 142, 111)
(252, 203, 42)
(186, 136, 103)
(248, 198, 39)
(186, 133, 102)
(251, 196, 39)
(185, 132, 101)
(249, 194, 37)
(182, 129, 98)
(245, 62, 33)
(179, 126, 95)
(240, 61, 28)
(178, 123, 93)
(240, 59, 29)
(175, 120, 90)
(238, 57, 27)
(176, 120, 93)
(238, 54, 29)
(175, 120, 90)
(239, 54, 24)
(174, 119, 89)
(236, 55, 25)
(172, 117, 87)
(235, 50, 20)
(169, 114, 84)
(233, 48, 18)
(170, 113, 84)
(234, 51, 20)
(172, 115, 86)
(234, 51, 20)
(168, 111, 82)
(231, 44, 17)
(166, 109, 80)
(231, 44, 17)
(164, 108, 81)
(229, 45, 16)
(163, 107, 80)
(227, 43, 14)
(161, 105, 78)
(224, 40, 15)
(160, 104, 77)
(222, 38, 13)
(157, 101, 74)
(220, 36, 11)
(157, 101, 74)
(220, 36, 11)
(158, 102, 75)
(220, 36, 11)
(157, 101, 74)
(221, 37, 8)
(245, 200, 58)
(198, 151, 123)
(133, 212, 54)
(194, 147, 117)
(133, 210, 52)
(197, 148, 118)
(130, 211, 53)
(191, 142, 112)
(255, 202, 47)
(191, 140, 111)
(128, 207, 46)
(194, 143, 112)
(130, 207, 46)
(192, 139, 108)
(253, 198, 41)
(185, 132, 101)
(248, 197, 37)
(184, 131, 99)
(246, 195, 34)
(183, 130, 99)
(246, 195, 34)
(182, 129, 98)
(247, 62, 32)
(180, 125, 95)
(242, 61, 31)
(177, 122, 92)
(240, 56, 31)
(176, 120, 93)
(239, 55, 26)
(174, 118, 91)
(238, 54, 29)
(174, 118, 91)
(236, 55, 25)
(173, 118, 88)
(237, 52, 22)
(170, 115, 85)
(232, 51, 21)
(167, 112, 82)
(230, 49, 19)
(166, 111, 81)
(232, 49, 18)
(169, 112, 83)
(235, 48, 21)
(169, 112, 83)
(230, 47, 16)
(165, 108, 79)
(229, 42, 15)
(164, 107, 78)
(226, 42, 17)
(162, 106, 79)
(224, 40, 15)
(161, 105, 78)
(225, 41, 12)
(160, 104, 77)
(223, 39, 10)
(157, 101, 74)
(221, 37, 8)
(155, 99, 72)
(218, 34, 9)
(155, 99, 72)
(221, 37, 8)
(156, 100, 73)
(220, 36, 11)
(156, 100, 73)
(160, 157, 45)
(134, 217, 61)
(197, 150, 120)
(129, 208, 50)
(193, 144, 114)
(131, 208, 50)
(193, 144, 114)
(252, 205, 47)
(188, 137, 108)
(255, 202, 47)
(191, 140, 109)
(255, 202, 45)
(188, 135, 104)
(249, 194, 37)
(180, 127, 96)
(242, 63, 30)
(183, 130, 98)
(247, 192, 32)
(180, 127, 96)
(245, 62, 33)
(180, 127, 96)
(245, 62, 33)
(180, 125, 95)
(242, 61, 31)
(178, 123, 93)
(241, 56, 26)
(176, 120, 93)
(241, 57, 28)
(173, 117, 90)
(237, 53, 24)
(174, 118, 91)
(236, 52, 27)
(171, 116, 86)
(234, 53, 23)
(169, 114, 84)
(230, 49, 19)
(166, 111, 81)
(228, 47, 17)
(165, 110, 80)
(231, 46, 16)
(168, 111, 82)
(233, 46, 19)
(167, 110, 81)
(231, 44, 17)
(165, 108, 79)
(229, 42, 15)
(163, 106, 77)
(226, 43, 12)
(161, 105, 78)
(225, 41, 12)
(160, 104, 77)
(225, 41, 12)
(161, 105, 78)
(224, 40, 15)
(160, 104, 77)
(222, 38, 13)
(158, 102, 75)
(220, 36, 11)
(156, 100, 73)
(218, 34, 9)
(155, 99, 72)
(221, 37, 8)
(157, 101, 74)
(220, 36, 11)
(169, 140, 31)
(200, 150, 123)
(133, 211, 54)
(191, 141, 114)
(252, 205, 47)
(190, 141, 111)
(254, 205, 46)
(189, 138, 109)
(251, 198, 43)
(189, 138, 109)
(129, 203, 47)
(190, 136, 108)
(251, 196, 39)
(181, 128, 97)
(242, 63, 30)
(179, 126, 95)
(246, 195, 34)
(181, 128, 97)
(245, 60, 30)
(179, 124, 94)
(242, 61, 31)
(180, 125, 95)
(242, 61, 31)
(178, 123, 93)
(240, 56, 31)
(176, 120, 93)
(241, 57, 28)
(175, 119, 92)
(237, 53, 24)
(171, 115, 88)
(237, 53, 26)
(171, 115, 88)
(235, 50, 20)
(169, 114, 84)
(233, 48, 18)
(165, 110, 80)
(229, 44, 14)
(164, 109, 79)
(228, 47, 17)
(166, 111, 81)
(232, 49, 18)
(167, 110, 81)
(228, 45, 14)
(164, 107, 78)
(229, 42, 15)
(164, 107, 78)
(226, 43, 12)
(162, 105, 76)
(225, 41, 12)
(159, 103, 76)
(222, 38, 13)
(159, 103, 76)
(224, 40, 15)
(161, 105, 78)
(222, 38, 13)
(157, 101, 74)
(223, 39, 10)
(157, 101, 74)
(218, 34, 9)
(154, 98, 71)
(218, 34, 9)
(156, 100, 73)
(220, 36, 11)
(158, 102, 75)
(161, 158, 21)
(133, 211, 54)
(192, 142, 115)
(250, 200, 47)
(185, 136, 106)
(250, 203, 45)
(189, 138, 109)
(253, 200, 45)
(184, 133, 104)
(250, 201, 42)
(192, 138, 110)
(254, 200, 44)
(187, 133, 105)
(246, 195, 34)
(183, 130, 99)
(249, 194, 37)
(183, 130, 99)
(245, 62, 33)
(179, 124, 94)
(243, 58, 28)
(178, 123, 93)
(243, 58, 28)
(177, 122, 92)
(241, 56, 26)
(177, 121, 94)
(241, 57, 28)
(176, 120, 93)
(238, 54, 29)
(172, 116, 89)
(234, 50, 25)
(171, 115, 88)
(235, 51, 22)
(170, 115, 85)
(232, 51, 21)
(167, 112, 82)
(229, 44, 14)
(163, 108, 78)
(226, 45, 15)
(165, 110, 80)
(230, 49, 19)
(170, 113, 84)
(230, 47, 16)
(164, 107, 78)
(226, 43, 12)
(163, 106, 77)
(229, 42, 15)
(163, 106, 77)
(225, 40, 10)
(161, 105, 78)
(222, 38, 13)
(158, 102, 75)
(223, 39, 10)
(159, 103, 76)
(223, 39, 10)
(156, 100, 73)
(219, 35, 6)
(155, 99, 72)
(219, 35, 6)
(152, 96, 69)
(217, 33, 4)
(154, 98, 71)
(221, 37, 8)
(158, 102, 75)
(222, 38, 13)
(168, 147, 20)
(189, 142, 114)
(254, 204, 51)
(191, 141, 114)
(255, 202, 47)
(189, 138, 109)
(252, 203, 44)
(189, 138, 109)
(252, 198, 42)
(185, 131, 103)
(242, 193, 34)
(177, 126, 97)
(240, 63, 32)
(178, 127, 100)
(242, 193, 36)
(181, 127, 99)
(245, 63, 35)
(179, 123, 96)
(243, 59, 30)
(177, 121, 94)
(240, 59, 29)
(176, 121, 91)
(238, 57, 27)
(175, 120, 90)
(237, 52, 22)
(171, 116, 86)
(235, 50, 20)
(169, 114, 84)
(235, 50, 20)
(170, 115, 85)
(235, 50, 20)
(170, 115, 85)
(238, 57, 24)
(173, 118, 87)
(232, 51, 18)
(167, 112, 81)
(228, 47, 14)
(163, 108, 77)
(227, 42, 12)
(161, 106, 76)
(224, 43, 13)
(160, 105, 75)
(222, 41, 11)
(158, 103, 73)
(223, 38, 8)
(159, 104, 74)
(222, 41, 11)
(160, 105, 75)
(222, 41, 11)
(157, 104, 73)
(220, 38, 10)
(156, 102, 74)
(218, 36, 8)
(153, 99, 71)
(217, 35, 7)
(151, 97, 69)
(218, 36, 8)
(155, 101, 73)
(218, 36, 10)
(154, 100, 74)
(217, 35, 9)
(151, 97, 71)
(215, 33, 7)
(150, 96, 70)
(169, 134, 26)
(255, 206, 50)
(192, 142, 115)
(129, 207, 50)
(192, 141, 112)
(255, 202, 47)
(187, 136, 107)
(249, 196, 41)
(180, 126, 98)
(243, 61, 33)
(173, 122, 93)
(236, 59, 28)
(174, 123, 96)
(241, 60, 35)
(177, 126, 99)
(240, 63, 34)
(177, 123, 95)
(241, 57, 28)
(174, 118, 91)
(236, 52, 27)
(173, 118, 88)
(236, 55, 25)
(173, 118, 88)
(236, 55, 25)
(171, 116, 86)
(235, 50, 20)
(170, 115, 85)
(232, 51, 21)
(169, 114, 83)
(232, 51, 18)
(168, 113, 82)
(230, 49, 16)
(169, 114, 83)
(233, 48, 19)
(166, 111, 80)
(229, 44, 15)
(164, 109, 78)
(226, 45, 12)
(162, 107, 77)
(224, 43, 13)
(161, 106, 76)
(225, 40, 10)
(159, 104, 74)
(223, 38, 8)
(158, 103, 73)
(223, 38, 8)
(159, 104, 74)
(222, 41, 11)
(157, 104, 73)
(220, 41, 8)
(156, 102, 74)
(218, 36, 8)
(154, 100, 72)
(216, 34, 6)
(151, 97, 69)
(215, 33, 5)
(154, 100, 72)
(219, 37, 9)
(153, 99, 73)
(217, 35, 9)
(150, 96, 70)
(212, 30, 4)
(149, 95, 69)
(215, 33, 7)
(164, 137, 22)
(191, 141, 114)
(255, 205, 48)
(191, 141, 114)
(129, 204, 49)
(190, 139, 110)
(250, 196, 40)
(183, 129, 101)
(241, 59, 31)
(175, 121, 93)
(239, 57, 29)
(174, 120, 92)
(241, 59, 33)
(178, 124, 98)
(241, 60, 35)
(177, 123, 97)
(243, 59, 30)
(176, 120, 93)
(236, 52, 27)
(171, 115, 88)
(235, 50, 20)
(170, 115, 85)
(235, 50, 20)
(170, 115, 85)
(232, 51, 21)
(169, 114, 84)
(233, 48, 18)
(168, 113, 83)
(233, 48, 19)
(167, 112, 81)
(231, 46, 17)
(165, 110, 79)
(229, 44, 15)
(163, 108, 77)
(227, 42, 13)
(162, 107, 76)
(227, 42, 13)
(163, 108, 77)
(227, 42, 12)
(162, 107, 77)
(225, 40, 10)
(160, 105, 75)
(222, 41, 11)
(158, 103, 73)
(223, 38, 8)
(158, 103, 73)
(223, 38, 8)
(159, 104, 74)
(221, 38, 9)
(156, 103, 72)
(221, 39, 11)
(155, 101, 73)
(216, 34, 6)
(152, 98, 70)
(214, 32, 4)
(150, 96, 68)
(217, 35, 7)
(152, 98, 70)
(214, 32, 6)
(150, 96, 70)
(212, 30, 4)
(148, 94, 68)
(212, 30, 4)
(149, 95, 69)
(160, 131, 24)
(253, 203, 46)
(188, 138, 111)
(253, 203, 46)
(189, 138, 109)
(250, 201, 42)
(185, 131, 103)
(247, 193, 37)
(181, 127, 99)
(245, 63, 35)
(178, 124, 96)
(240, 58, 30)
(177, 123, 97)
(240, 58, 32)
(175, 124, 97)
(240, 58, 32)
(181, 125, 98)
(243, 59, 30)
(174, 118, 91)
(234, 50, 25)
(169, 114, 84)
(232, 51, 21)
(168, 113, 83)
(233, 48, 18)
(168, 113, 83)
(230, 49, 19)
(166, 111, 81)
(228, 47, 17)
(165, 110, 79)
(228, 47, 14)
(165, 110, 79)
(228, 47, 14)
(162, 107, 76)
(224, 43, 10)
(161, 106, 75)
(224, 43, 10)
(161, 106, 75)
(227, 42, 13)
(161, 106, 76)
(224, 43, 13)
(160, 105, 75)
(225, 40, 10)
(159, 104, 74)
(223, 38, 8)
(157, 102, 72)
(220, 39, 9)
(158, 103, 73)
(223, 38, 8)
(156, 103, 72)
(221, 38, 9)
(155, 101, 73)
(219, 37, 9)
(153, 99, 71)
(217, 35, 7)
(151, 97, 69)
(214, 32, 4)
(151, 97, 69)
(214, 32, 4)
(150, 96, 70)
(212, 30, 4)
(148, 94, 68)
(213, 31, 5)
(149, 95, 69)
(215, 33, 7)
(165, 137, 16)
(187, 136, 109)
(251, 198, 43)
(184, 133, 104)
(249, 195, 39)
(183, 129, 101)
(246, 193, 35)
(182, 127, 97)
(246, 193, 35)
(181, 126, 96)
(243, 59, 30)
(175, 119, 92)
(236, 54, 26)
(173, 119, 91)
(236, 54, 28)
(173, 119, 93)
(245, 61, 32)
(177, 121, 94)
(239, 55, 26)
(171, 115, 88)
(232, 51, 21)
(168, 113, 83)
(233, 48, 18)
(168, 113, 83)
(231, 46, 16)
(165, 110, 80)
(226, 45, 15)
(162, 107, 77)
(226, 45, 12)
(164, 109, 78)
(228, 47, 14)
(165, 110, 79)
(226, 45, 12)
(162, 107, 76)
(224, 43, 10)
(161, 106, 75)
(224, 43, 10)
(160, 105, 74)
(225, 40, 10)
(160, 105, 75)
(225, 40, 10)
(160, 105, 75)
(225, 40, 10)
(159, 104, 74)
(220, 39, 9)
(157, 102, 72)
(220, 39, 9)
(158, 103, 73)
(220, 41, 8)
(156, 103, 72)
(218, 36, 8)
(155, 101, 73)
(219, 37, 9)
(153, 99, 71)
(217, 35, 7)
(152, 98, 70)
(217, 35, 7)
(151, 97, 69)
(214, 32, 6)
(150, 96, 70)
(212, 30, 4)
(149, 95, 69)
(214, 32, 6)
(152, 98, 72)
(169, 133, 3)
(248, 199, 42)
(183, 132, 103)
(245, 192, 37)
(179, 125, 97)
(240, 58, 30)
(177, 122, 92)
(243, 58, 28)
(177, 122, 92)
(238, 57, 27)
(172, 116, 89)
(232, 48, 23)
(167, 113, 85)
(230, 48, 20)
(167, 113, 87)
(233, 51, 25)
(173, 117, 90)
(237, 53, 24)
(170, 114, 87)
(232, 48, 23)
(168, 113, 83)
(233, 48, 18)
(168, 113, 83)
(233, 48, 18)
(166, 111, 81)
(229, 44, 14)
(162, 107, 77)
(224, 43, 13)
(161, 106, 75)
(227, 42, 13)
(163, 108, 77)
(229, 44, 15)
(165, 110, 79)
(226, 45, 12)
(161, 106, 75)
(225, 40, 11)
(159, 104, 73)
(222, 41, 8)
(159, 104, 74)
(222, 41, 11)
(159, 104, 74)
(225, 40, 10)
(160, 105, 75)
(222, 41, 11)
(157, 102, 72)
(221, 36, 6)
(156, 101, 71)
(220, 39, 9)
(157, 104, 73)
(221, 38, 9)
(155, 101, 73)
(219, 37, 9)
(154, 100, 72)
(216, 34, 6)
(153, 99, 71)
(216, 34, 6)
(152, 98, 70)
(217, 35, 7)
(152, 98, 72)
(217, 35, 9)
(151, 97, 71)
(217, 35, 9)
(153, 99, 73)
(219, 37, 11)
(166, 133, 11)
(181, 130, 103)
(244, 62, 34)
(179, 125, 97)
(243, 59, 30)
(176, 120, 93)
(238, 55, 24)
(174, 117, 88)
(239, 52, 25)
(173, 116, 87)
(234, 51, 22)
(169, 112, 85)
(230, 46, 21)
(167, 111, 84)
(230, 46, 23)
(167, 111, 86)
(233, 49, 20)
(168, 112, 85)
(230, 46, 21)
(167, 111, 84)
(233, 48, 18)
(168, 113, 83)
(230, 49, 19)
(167, 112, 82)
(228, 47, 17)
(164, 109, 79)
(226, 45, 15)
(162, 107, 77)
(227, 42, 13)
(162, 107, 76)
(224, 43, 10)
(160, 105, 74)
(226, 45, 12)
(161, 106, 75)
(222, 41, 8)
(158, 103, 72)
(220, 39, 6)
(158, 103, 72)
(222, 41, 11)
(159, 104, 74)
(222, 41, 11)
(160, 105, 75)
(225, 40, 10)
(159, 104, 74)
(220, 39, 9)
(155, 100, 70)
(221, 36, 6)
(156, 101, 71)
(221, 38, 9)
(155, 102, 71)
(219, 37, 9)
(154, 100, 72)
(216, 34, 6)
(153, 99, 71)
(216, 34, 6)
(153, 99, 71)
(217, 35, 7)
(153, 99, 71)
(216, 34, 8)
(153, 99, 73)
(216, 34, 8)
(153, 99, 73)
(219, 37, 11)
(155, 101, 75)
(168, 137, 30)
(240, 63, 34)
(178, 124, 96)
(243, 61, 33)
(179, 123, 96)
(243, 59, 30)
(175, 118, 89)
(237, 50, 23)
(175, 118, 89)
(238, 55, 24)
(174, 117, 90)
(236, 53, 24)
(171, 115, 88)
(235, 51, 22)
(169, 113, 88)
(232, 48, 25)
(167, 111, 84)
(230, 46, 21)
(167, 111, 84)
(233, 49, 20)
(168, 113, 83)
(233, 48, 18)
(166, 111, 81)
(228, 47, 17)
(165, 110, 80)
(229, 44, 14)
(164, 109, 79)
(226, 45, 15)
(163, 108, 77)
(224, 43, 10)
(159, 104, 73)
(220, 39, 6)
(161, 106, 75)
(222, 41, 8)
(157, 102, 71)
(221, 36, 7)
(156, 101, 70)
(220, 39, 6)
(159, 104, 74)
(225, 40, 10)
(159, 104, 74)
(225, 40, 10)
(160, 105, 75)
(222, 41, 11)
(157, 102, 72)
(218, 37, 7)
(155, 100, 70)
(221, 36, 6)
(155, 102, 71)
(218, 39, 6)
(154, 100, 72)
(216, 34, 6)
(152, 98, 70)
(217, 35, 7)
(152, 98, 70)
(217, 35, 7)
(152, 98, 70)
(216, 34, 6)
(154, 100, 74)
(219, 37, 11)
(154, 100, 74)
(219, 37, 11)
(155, 101, 75)
(218, 36, 10)
(170, 185, 176)
(181, 127, 99)
(243, 61, 33)
(175, 121, 93)
(238, 57, 27)
(172, 117, 87)
(234, 51, 20)
(173, 116, 87)
(237, 50, 23)
(170, 113, 84)
(233, 46, 19)
(167, 110, 81)
(231, 47, 18)
(167, 111, 84)
(230, 46, 21)
(167, 111, 84)
(231, 47, 18)
(165, 109, 82)
(228, 44, 19)
(165, 109, 82)
(228, 47, 17)
(164, 109, 79)
(229, 44, 14)
(164, 109, 79)
(227, 42, 12)
(162, 107, 77)
(227, 42, 12)
(161, 106, 76)
(224, 43, 10)
(160, 105, 74)
(222, 41, 8)
(159, 104, 73)
(222, 41, 8)
(159, 104, 73)
(223, 38, 9)
(158, 103, 72)
(223, 38, 9)
(158, 103, 72)
(223, 38, 8)
(158, 103, 73)
(223, 38, 8)
(158, 103, 73)
(223, 38, 8)
(157, 102, 72)
(220, 39, 9)
(157, 102, 72)
(221, 36, 6)
(156, 101, 71)
(218, 39, 6)
(155, 102, 71)
(218, 36, 8)
(155, 101, 73)
(219, 37, 9)
(154, 100, 72)
(219, 37, 9)
(155, 101, 73)
(217, 35, 7)
(152, 98, 70)
(216, 34, 8)
(153, 99, 73)
(219, 37, 11)
(154, 100, 74)
(218, 36, 10)
(155, 101, 75)
(173, 142, 179)
(243, 61, 33)
(174, 120, 92)
(237, 55, 27)
(172, 117, 87)
(232, 51, 21)
(169, 112, 83)
(234, 51, 20)
(172, 115, 86)
(234, 51, 20)
(170, 113, 84)
(232, 49, 18)
(167, 111, 84)
(230, 46, 21)
(167, 111, 84)
(231, 47, 18)
(166, 110, 83)
(231, 47, 18)
(165, 109, 82)
(229, 45, 16)
(163, 108, 78)
(226, 45, 15)
(162, 107, 77)
(227, 42, 12)
(161, 106, 76)
(224, 43, 13)
(160, 105, 75)
(225, 40, 10)
(160, 105, 74)
(222, 41, 8)
(159, 104, 73)
(222, 41, 8)
(158, 103, 72)
(223, 38, 9)
(158, 103, 72)
(223, 38, 9)
(157, 102, 71)
(220, 39, 6)
(157, 102, 72)
(220, 39, 9)
(157, 102, 72)
(220, 39, 9)
(157, 102, 72)
(220, 39, 9)
(156, 101, 71)
(221, 36, 6)
(156, 101, 71)
(221, 36, 6)
(155, 102, 71)
(218, 39, 6)
(155, 101, 73)
(219, 37, 9)
(153, 99, 71)
(216, 34, 6)
(154, 100, 72)
(218, 36, 8)
(152, 98, 70)
(216, 34, 6)
(153, 99, 73)
(216, 34, 8)
(154, 100, 74)
(219, 37, 11)
(154, 100, 74)
(219, 37, 11)
(157, 252, 189)
(171, 120, 91)
(232, 50, 22)
(167, 113, 85)
(233, 48, 18)
(166, 111, 81)
(231, 44, 17)
(169, 112, 83)
(235, 48, 21)
(170, 113, 84)
(232, 49, 18)
(169, 112, 83)
(230, 46, 21)
(166, 110, 83)
(229, 45, 16)
(163, 107, 80)
(226, 42, 17)
(163, 107, 80)
(227, 43, 14)
(162, 106, 79)
(224, 43, 13)
(160, 105, 75)
(225, 40, 10)
(159, 104, 74)
(222, 41, 11)
(159, 104, 74)
(222, 41, 11)
(158, 103, 73)
(223, 38, 9)
(158, 103, 72)
(223, 38, 9)
(157, 102, 71)
(220, 39, 6)
(157, 102, 71)
(220, 39, 6)
(157, 102, 71)
(221, 36, 7)
(156, 101, 70)
(221, 36, 6)
(156, 101, 71)
(221, 36, 6)
(156, 101, 71)
(221, 36, 6)
(156, 101, 71)
(221, 36, 6)
(156, 101, 71)
(221, 36, 6)
(156, 101, 71)
(219, 36, 7)
(154, 101, 70)
(219, 37, 9)
(153, 99, 71)
(216, 34, 6)
(153, 99, 71)
(216, 34, 6)
(154, 100, 72)
(216, 34, 6)
(153, 99, 71)
(216, 34, 8)
(153, 99, 73)
(216, 34, 8)
(154, 100, 74)
(219, 37, 11)
(154, 100, 74)
(146, 242, 177)
(233, 52, 25)
(166, 112, 84)
(228, 46, 18)
(166, 111, 81)
(229, 44, 14)
(164, 109, 79)
(230, 47, 16)
(167, 110, 81)
(230, 47, 16)
(167, 110, 81)
(230, 47, 16)
(165, 109, 82)
(226, 42, 17)
(161, 105, 78)
(222, 38, 13)
(157, 101, 74)
(223, 39, 10)
(158, 102, 75)
(223, 39, 10)
(158, 103, 73)
(223, 38, 8)
(158, 103, 73)
(223, 38, 8)
(158, 103, 73)
(223, 38, 8)
(157, 102, 72)
(220, 39, 9)
(157, 102, 71)
(220, 39, 6)
(157, 102, 71)
(220, 39, 6)
(157, 102, 71)
(220, 39, 6)
(157, 102, 71)
(221, 36, 7)
(156, 101, 70)
(221, 36, 7)
(155, 100, 70)
(218, 37, 7)
(155, 100, 70)
(218, 37, 7)
(155, 100, 70)
(221, 36, 6)
(156, 101, 71)
(221, 36, 6)
(156, 101, 71)
(221, 36, 6)
(154, 101, 70)
(219, 36, 7)
(154, 100, 72)
(216, 34, 6)
(153, 99, 71)
(216, 34, 6)
(153, 99, 71)
(219, 37, 9)
(153, 99, 71)
(216, 34, 6)
(153, 99, 73)
(216, 34, 8)
(153, 99, 73)
(216, 34, 8)
(153, 99, 73)
(216, 34, 8)
(162, 254, 188)
(166, 115, 86)
(228, 46, 18)
(164, 110, 82)
(229, 46, 17)
(164, 109, 79)
(226, 45, 12)
(166, 111, 80)
(228, 47, 14)
(165, 110, 79)
(229, 44, 14)
(164, 109, 79)
(229, 45, 16)
(162, 106, 79)
(222, 40, 12)
(157, 103, 75)
(220, 36, 11)
(157, 101, 74)
(223, 39, 10)
(158, 102, 75)
(223, 38, 8)
(158, 103, 73)
(220, 39, 9)
(157, 102, 72)
(220, 39, 9)
(156, 101, 71)
(218, 37, 7)
(155, 100, 70)
(221, 36, 7)
(156, 101, 70)
(221, 36, 7)
(156, 101, 70)
(220, 39, 6)
(156, 101, 70)
(221, 36, 7)
(156, 101, 70)
(221, 36, 7)
(156, 101, 70)
(221, 36, 6)
(156, 101, 71)
(218, 37, 7)
(156, 101, 71)
(221, 36, 6)
(156, 101, 71)
(221, 36, 6)
(156, 101, 71)
(221, 36, 6)
(156, 101, 71)
(219, 36, 7)
(154, 101, 70)
(219, 37, 9)
(154, 100, 72)
(216, 34, 6)
(153, 99, 71)
(219, 37, 9)
(155, 101, 73)
(216, 34, 6)
(153, 99, 71)
(216, 34, 8)
(153, 99, 73)
(216, 34, 8)
(153, 99, 73)
(216, 34, 8)
(153, 99, 73)
(146, 244, 179)
(228, 51, 20)
(165, 111, 83)
(229, 47, 19)
(165, 112, 81)
(226, 47, 14)
(163, 108, 77)
(231, 46, 17)
(166, 111, 80)
(228, 47, 14)
(164, 109, 79)
(229, 44, 14)
(163, 107, 80)
(227, 43, 14)
(159, 105, 77)
(223, 41, 13)
(160, 104, 77)
(224, 40, 15)
(161, 105, 78)
(225, 41, 12)
(159, 104, 74)
(223, 38, 8)
(157, 102, 72)
(221, 36, 6)
(156, 101, 71)
(219, 34, 4)
(153, 98, 68)
(216, 35, 5)
(154, 99, 68)
(218, 37, 4)
(155, 100, 69)
(218, 37, 4)
(155, 100, 69)
(218, 37, 4)
(155, 100, 69)
(221, 36, 7)
(156, 101, 70)
(221, 36, 7)
(156, 101, 71)
(221, 36, 6)
(156, 101, 71)
(221, 36, 6)
(156, 101, 71)
(221, 36, 6)
(156, 101, 71)
(221, 36, 6)
(156, 101, 71)
(221, 36, 6)
(154, 101, 70)
(219, 36, 7)
(154, 100, 72)
(219, 37, 9)
(153, 99, 71)
(216, 34, 6)
(154, 100, 72)
(218, 36, 8)
(153, 99, 71)
(216, 34, 6)
(153, 99, 73)
(219, 37, 11)
(154, 100, 74)
(219, 37, 11)
(154, 100, 74)
(219, 37, 11)
(154, 247, 188)
(165, 114, 85)
(226, 49, 16)
(162, 111, 80)
(228, 49, 16)
(163, 110, 79)
(227, 42, 13)
(164, 109, 78)
(228, 47, 14)
(164, 109, 78)
(226, 45, 15)
(162, 107, 77)
(224, 45, 12)
(160, 107, 76)
(225, 43, 15)
(159, 105, 77)
(224, 40, 15)
(162, 106, 79)
(227, 43, 14)
(161, 105, 78)
(225, 40, 10)
(158, 103, 73)
(221, 36, 6)
(155, 100, 70)
(219, 34, 4)
(152, 97, 67)
(215, 30, 0)
(150, 95, 65)
(217, 32, 3)
(153, 98, 67)
(216, 35, 2)
(153, 98, 67)
(219, 34, 5)
(154, 99, 68)
(219, 34, 5)
(155, 100, 69)
(218, 37, 4)
(155, 100, 69)
(221, 36, 6)
(156, 101, 71)
(221, 36, 6)
(155, 100, 70)
(218, 37, 7)
(155, 100, 70)
(218, 37, 7)
(155, 100, 70)
(219, 34, 4)
(154, 99, 69)
(216, 37, 4)
(153, 100, 69)
(216, 34, 6)
(153, 99, 71)
(217, 35, 7)
(153, 99, 71)
(219, 37, 9)
(154, 100, 72)
(216, 34, 6)
(153, 99, 71)
(216, 34, 8)
(154, 100, 74)
(219, 37, 11)
(155, 101, 75)
(218, 36, 10)
(155, 101, 75)
(152, 227, 179)
(229, 48, 21)
(162, 111, 80)
(229, 46, 17)
(165, 112, 81)
(227, 44, 15)
(161, 106, 76)
(226, 45, 12)
(164, 109, 78)
(226, 45, 15)
(161, 106, 76)
(222, 41, 11)
(158, 105, 74)
(222, 43, 10)
(159, 105, 77)
(222, 40, 12)
(159, 103, 76)
(222, 38, 13)
(160, 104, 77)
(225, 41, 12)
(159, 103, 76)
(223, 38, 8)
(156, 101, 71)
(221, 36, 6)
(152, 97, 67)
(214, 33, 3)
(149, 94, 64)
(212, 31, 1)
(151, 96, 66)
(217, 32, 2)
(152, 97, 67)
(217, 32, 2)
(152, 97, 67)
(216, 35, 5)
(153, 98, 68)
(219, 34, 4)
(154, 99, 69)
(218, 37, 7)
(155, 99, 72)
(221, 37, 8)
(155, 99, 72)
(218, 34, 9)
(155, 99, 72)
(219, 35, 6)
(154, 98, 71)
(219, 35, 6)
(153, 97, 70)
(216, 32, 7)
(152, 98, 70)
(217, 35, 7)
(153, 99, 71)
(217, 35, 7)
(152, 98, 70)
(217, 35, 7)
(153, 99, 71)
(219, 37, 9)
(153, 99, 71)
(216, 34, 8)
(154, 100, 74)
(219, 37, 11)
(155, 101, 75)
(218, 36, 10)
(155, 101, 75)
(221, 39, 13)
(145, 233, 188)
(165, 109, 82)
(228, 44, 19)
(164, 108, 81)
(226, 42, 17)
(162, 106, 79)
(224, 40, 15)
(161, 105, 78)
(224, 40, 15)
(162, 106, 79)
(227, 43, 14)
(161, 105, 78)
(222, 38, 13)
(157, 101, 74)
(220, 36, 11)
(158, 102, 75)
(223, 39, 12)
(157, 101, 76)
(221, 37, 10)
(155, 99, 74)
(218, 34, 11)
(154, 98, 73)
(219, 35, 8)
(154, 98, 73)
(216, 32, 9)
(153, 97, 72)
(216, 32, 9)
(153, 97, 70)
(216, 32, 7)
(153, 97, 70)
(216, 32, 7)
(153, 97, 70)
(219, 35, 8)
(154, 98, 73)
(219, 35, 8)
(154, 98, 73)
(219, 35, 8)
(154, 98, 73)
(216, 32, 9)
(153, 97, 72)
(216, 32, 9)
(153, 97, 72)
(216, 32, 9)
(153, 97, 72)
(216, 32, 9)
(153, 97, 72)
(216, 32, 9)
(153, 97, 72)
(217, 35, 9)
(152, 98, 72)
(217, 35, 9)
(152, 98, 74)
(217, 35, 11)
(152, 98, 74)
(217, 35, 11)
(152, 98, 74)
(219, 37, 13)
(155, 101, 77)
(221, 39, 15)
(158, 104, 80)
(223, 41, 17)
(158, 104, 80)
(223, 41, 17)
(157, 103, 79)
(131, 235, 179)
(229, 44, 14)
(164, 109, 79)
(226, 45, 15)
(162, 107, 77)
(227, 42, 12)
(161, 106, 76)
(224, 43, 13)
(161, 106, 76)
(224, 43, 13)
(162, 107, 77)
(224, 43, 13)
(159, 104, 74)
(223, 38, 8)
(158, 103, 73)
(222, 41, 11)
(156, 100, 73)
(218, 34, 9)
(154, 98, 71)
(219, 35, 6)
(153, 97, 70)
(216, 32, 7)
(153, 97, 70)
(216, 32, 7)
(153, 97, 70)
(216, 32, 7)
(153, 97, 70)
(216, 32, 7)
(153, 97, 70)
(216, 32, 7)
(153, 97, 70)
(216, 32, 7)
(153, 97, 72)
(216, 32, 9)
(153, 97, 72)
(216, 32, 9)
(153, 97, 72)
(216, 32, 9)
(153, 97, 72)
(216, 32, 9)
(152, 96, 71)
(217, 33, 6)
(152, 96, 71)
(217, 33, 6)
(152, 96, 71)
(217, 33, 6)
(152, 96, 71)
(217, 33, 6)
(151, 97, 71)
(214, 32, 6)
(151, 97, 71)
(214, 32, 6)
(151, 97, 71)
(214, 32, 6)
(151, 97, 71)
(214, 32, 6)
(152, 98, 72)
(216, 34, 8)
(154, 100, 74)
(221, 39, 13)
(156, 102, 76)
(221, 39, 13)
(156, 102, 76)
(218, 36, 10)
(140, 229, 188)
(160, 106, 72)
(225, 43, 9)
(159, 105, 71)
(222, 40, 6)
(158, 104, 70)
(223, 41, 7)
(158, 104, 70)
(220, 38, 4)
(158, 104, 70)
(222, 40, 6)
(158, 104, 70)
(221, 39, 5)
(156, 102, 68)
(221, 39, 5)
(157, 103, 69)
(221, 36, 7)
(156, 101, 70)
(218, 37, 4)
(154, 99, 68)
(219, 34, 5)
(154, 99, 68)
(219, 34, 5)
(154, 99, 68)
(218, 37, 4)
(155, 100, 69)
(218, 37, 4)
(155, 100, 69)
(218, 37, 4)
(155, 100, 69)
(218, 37, 4)
(155, 100, 69)
(218, 37, 7)
(155, 100, 70)
(218, 37, 7)
(155, 100, 70)
(218, 37, 7)
(155, 100, 70)
(218, 37, 7)
(155, 100, 70)
(216, 35, 5)
(153, 98, 68)
(216, 35, 5)
(153, 98, 68)
(216, 35, 5)
(153, 98, 68)
(216, 35, 5)
(153, 98, 68)
(216, 37, 4)
(153, 100, 69)
(216, 37, 4)
(153, 100, 69)
(216, 37, 4)
(153, 100, 69)
(216, 37, 4)
(153, 100, 69)
(216, 37, 4)
(154, 101, 70)
(218, 39, 6)
(156, 103, 72)
(221, 38, 9)
(156, 103, 72)
(221, 38, 9)
(156, 103, 72)
(130, 233, 177)
(213, 45, 19)
(148, 108, 82)
(213, 45, 19)
(148, 108, 82)
(213, 45, 19)
(148, 108, 82)
(213, 45, 19)
(147, 107, 81)
(210, 42, 16)
(148, 108, 82)
(210, 42, 16)
(146, 106, 80)
(211, 43, 17)
(147, 107, 81)
(210, 42, 16)
(143, 103, 78)
(206, 38, 15)
(142, 102, 77)
(204, 36, 13)
(141, 101, 76)
(204, 36, 13)
(141, 101, 76)
(204, 36, 13)
(142, 102, 77)
(207, 39, 12)
(142, 102, 77)
(207, 39, 12)
(142, 102, 77)
(207, 39, 12)
(142, 102, 77)
(207, 39, 12)
(143, 103, 78)
(206, 38, 15)
(143, 103, 78)
(206, 38, 15)
(142, 102, 77)
(207, 39, 12)
(142, 102, 77)
(207, 39, 12)
(141, 101, 76)
(204, 36, 13)
(141, 101, 76)
(204, 36, 13)
(141, 101, 76)
(204, 36, 13)
(141, 101, 76)
(204, 37, 15)
(142, 101, 79)
(205, 39, 14)
(140, 102, 79)
(205, 39, 14)
(140, 102, 79)
(205, 39, 14)
(140, 102, 79)
(205, 39, 14)
(140, 102, 79)
(205, 39, 14)
(141, 103, 80)
(204, 38, 17)
(142, 104, 81)
(207, 41, 16)
(142, 104, 81)
(204, 38, 17)
(236, 229, 250)
(255, 250, 243)
(190, 187, 178)
(255, 250, 243)
(190, 187, 178)
(255, 250, 243)
(190, 186, 181)
(255, 251, 244)
(190, 187, 178)
(255, 250, 243)
(190, 186, 181)
(255, 250, 243)
(190, 187, 178)
(255, 250, 243)
(190, 187, 178)
(255, 251, 244)
(190, 186, 181)
(255, 251, 244)
(190, 186, 181)
(255, 251, 244)
(190, 187, 178)
(255, 250, 243)
(190, 186, 181)
(255, 251, 244)
(190, 186, 181)
(255, 251, 244)
(190, 186, 181)
(255, 251, 244)
(190, 186, 181)
(255, 251, 244)
(190, 186, 181)
(255, 251, 244)
(190, 186, 181)
(255, 251, 246)
(190, 186, 183)
(255, 251, 246)
(190, 186, 183)
(255, 251, 246)
(190, 186, 183)
(255, 251, 246)
(190, 186, 183)
(255, 251, 246)
(190, 186, 183)
(255, 251, 246)
(190, 186, 183)
(255, 251, 246)
(190, 186, 183)
(255, 252, 246)
(190, 189, 183)
(255, 252, 246)
(190, 189, 183)
(255, 252, 246)
(190, 189, 183)
(255, 252, 246)
(190, 189, 183)
(255, 252, 246)
(190, 189, 183)
(255, 252, 246)
(190, 189, 183)
(255, 252, 246)
(190, 189, 183)
(255, 252, 246)
(190, 189, 183)
(255, 252, 246)
(156, 232, 140)
(190, 190, 190)
(255, 255, 255)
(190, 190, 190)
(255, 255, 255)
(190, 190, 190)
(255, 255, 255)
(190, 190, 190)
(255, 255, 255)
(190, 190, 190)
(255, 255, 255)
(190, 190, 190)
(255, 255, 255)
(190, 190, 190)
(255, 255, 255)
(190, 190, 190)
(255, 255, 255)
(191, 191, 191)
(254, 254, 254)
(188, 188, 188)
(253, 253, 253)
(191, 191, 191)
(254, 254, 254)
(191, 191, 191)
(254, 254, 254)
(191, 191, 191)
(254, 254, 254)
(191, 191, 191)
(254, 254, 254)
(191, 191, 191)
(254, 254, 254)
(191, 191, 191)
(254, 254, 254)
(191, 191, 191)
(254, 254, 254)
(191, 191, 191)
(254, 254, 254)
(191, 191, 191)
(254, 254, 254)
(191, 191, 191)
(254, 254, 254)
(191, 191, 191)
(254, 254, 254)
(191, 191, 191)
(254, 254, 254)
(191, 191, 191)
(254, 254, 254)
(191, 191, 190)
(254, 255, 255)
(191, 190, 190)
(254, 255, 255)
(191, 190, 190)
(254, 255, 255)
(191, 190, 190)
(254, 255, 255)
(191, 190, 190)
(253, 254, 255)
(188, 191, 190)
(253, 254, 255)
(191, 190, 190)
(254, 255, 255)
(191, 190, 190)
(254, 255, 255)
(188, 191, 190)
(143, 220, 255)
(254, 254, 254)
(191, 191, 191)
(254, 254, 254)
(191, 191, 191)
(254, 254, 254)
(191, 191, 191)
(254, 254, 254)
(190, 190, 190)
(254, 254, 254)
(191, 191, 191)
(254, 254, 254)
(191, 191, 191)
(254, 254, 254)
(191, 191, 191)
(254, 254, 254)
(190, 190, 190)
(255, 255, 255)
(190, 190, 190)
(255, 255, 255)
(190, 190, 190)
(255, 255, 255)
(190, 190, 190)
(255, 255, 255)
(190, 190, 190)
(255, 255, 255)
(190, 190, 190)
(255, 255, 255)
(190, 190, 190)
(255, 255, 255)
(190, 190, 190)
(255, 255, 255)
(190, 190, 190)
(255, 255, 255)
(190, 190, 190)
(255, 255, 255)
(190, 190, 190)
(255, 255, 255)
(190, 190, 190)
(255, 255, 255)
(190, 190, 190)
(255, 255, 255)
(190, 190, 190)
(255, 255, 255)
(190, 190, 190)
(255, 255, 255)
(190, 190, 190)
(255, 255, 255)
(190, 190, 190)
(255, 255, 255)
(190, 190, 190)
(255, 255, 255)
(190, 190, 190)
(255, 255, 255)
(190, 190, 190)
(255, 255, 255)
(190, 190, 190)
(255, 255, 255)
(190, 190, 190)
(255, 255, 255)
(190, 190, 190)
(255, 255, 255)
(190, 190, 190)
(255, 255, 255)
(138, 213, 243)
(190, 190, 188)
(255, 255, 253)
(190, 190, 188)
(255, 255, 253)
(190, 190, 188)
(255, 255, 253)
(190, 190, 188)
(255, 255, 253)
(190, 190, 188)
(255, 255, 253)
(190, 190, 188)
(255, 255, 253)
(190, 190, 188)
(255, 255, 253)
(190, 190, 188)
(255, 255, 253)
(190, 190, 188)
(254, 254, 252)
(191, 191, 189)
(254, 254, 252)
(190, 190, 188)
(255, 255, 253)
(190, 190, 188)
(255, 255, 253)
(190, 190, 188)
(255, 255, 253)
(190, 190, 188)
(255, 255, 253)
(190, 190, 188)
(255, 255, 253)
(190, 190, 188)
(255, 255, 253)
(190, 190, 188)
(255, 255, 253)
(190, 190, 188)
(255, 255, 253)
(190, 190, 188)
(255, 255, 253)
(190, 190, 188)
(254, 254, 252)
(191, 191, 189)
(254, 254, 252)
(191, 191, 189)
(254, 254, 252)
(191, 191, 189)
(254, 254, 252)
(191, 191, 189)
(255, 255, 253)
(190, 190, 188)
(255, 255, 253)
(190, 190, 188)
(255, 255, 253)
(190, 190, 188)
(255, 255, 253)
(190, 190, 188)
(255, 255, 253)
(190, 190, 188)
(255, 255, 253)
(190, 190, 188)
(255, 255, 253)
(190, 190, 188)
(255, 255, 253)
(190, 190, 188)
(133, 212, 254)
(254, 255, 255)
(191, 190, 190)
(254, 255, 255)
(191, 190, 190)
(254, 255, 255)
(191, 190, 190)
(254, 255, 255)
(191, 190, 190)
(254, 255, 255)
(191, 190, 190)
(254, 255, 255)
(191, 190, 190)
(254, 255, 255)
(191, 190, 190)
(254, 255, 255)
(191, 190, 190)
(254, 255, 255)
(191, 190, 190)
(254, 255, 255)
(191, 190, 190)
(254, 255, 255)
(191, 190, 190)
(254, 255, 255)
(191, 190, 190)
(254, 255, 255)
(191, 190, 190)
(254, 255, 255)
(191, 190, 190)
(254, 255, 255)
(191, 190, 190)
(254, 255, 255)
(191, 190, 190)
(254, 255, 255)
(191, 190, 190)
(254, 255, 255)
(191, 190, 190)
(254, 255, 255)
(191, 190, 190)
(254, 255, 255)
(191, 190, 190)
(254, 255, 255)
(191, 190, 190)
(254, 255, 255)
(191, 190, 190)
(254, 255, 255)
(191, 190, 190)
(254, 255, 255)
(191, 190, 190)
(254, 255, 255)
(191, 190, 190)
(254, 255, 255)
(191, 190, 190)
(254, 255, 255)
(191, 190, 190)
(254, 255, 255)
(191, 190, 190)
(254, 255, 255)
(191, 190, 190)
(254, 255, 255)
(191, 190, 190)
(254, 255, 255)
(191, 190, 190)
(254, 255, 255)
(132, 213, 251)
(191, 190, 190)
(254, 255, 255)
(191, 190, 190)
(254, 255, 255)
(191, 190, 190)
(254, 255, 255)
(191, 190, 190)
(254, 255, 255)
(191, 190, 190)
(254, 255, 255)
(191, 190, 190)
(254, 255, 255)
(191, 190, 190)
(254, 255, 255)
(191, 190, 190)
(254, 255, 255)
(191, 190, 190)
(254, 255, 255)
(191, 190, 190)
(254, 255, 255)
(191, 190, 190)
(254, 255, 255)
(191, 190, 190)
(254, 255, 255)
(191, 190, 190)
(254, 255, 255)
(191, 190, 190)
(254, 255, 255)
(191, 190, 190)
(254, 255, 255)
(191, 190, 190)
(254, 255, 255)
(191, 190, 190)
(254, 255, 255)
(191, 190, 190)
(254, 255, 255)
(191, 190, 190)
(254, 255, 255)
(191, 190, 190)
(254, 255, 255)
(191, 190, 190)
(254, 255, 255)
(191, 190, 190)
(254, 255, 255)
(191, 190, 190)
(254, 255, 255)
(191, 190, 190)
(254, 255, 255)
(191, 190, 190)
(254, 255, 255)
(191, 190, 190)
(254, 255, 255)
(191, 190, 190)
(254, 255, 255)
(191, 190, 190)
(254, 255, 255)
(191, 190, 190)
(254, 255, 255)
(191, 190, 190)
(254, 255, 255)
(191, 190, 190)
(254, 255, 255)
(191, 190, 190)
(139, 213, 251)
(255, 254, 255)
(190, 191, 190)
(255, 254, 255)
(190, 191, 190)
(255, 254, 255)
(190, 191, 190)
(255, 254, 255)
(190, 191, 190)
(255, 254, 255)
(190, 191, 190)
(255, 254, 255)
(190, 191, 190)
(255, 254, 255)
(190, 191, 190)
(255, 254, 255)
(190, 191, 190)
(255, 254, 255)
(190, 191, 190)
(255, 254, 255)
(190, 191, 190)
(255, 254, 255)
(190, 191, 190)
(255, 254, 255)
(190, 191, 190)
(255, 254, 255)
(190, 191, 190)
(255, 254, 255)
(190, 191, 190)
(255, 254, 255)
(190, 191, 190)
(255, 255, 253)
(190, 190, 188)
(255, 255, 253)
(190, 190, 188)
(255, 255, 253)
(190, 190, 188)
(255, 255, 253)
(190, 190, 188)
(255, 255, 253)
(190, 190, 188)
(255, 255, 253)
(190, 190, 188)
(255, 255, 253)
(190, 190, 188)
(255, 255, 253)
(190, 190, 188)
(255, 255, 253)
(190, 190, 188)
(255, 255, 253)
(190, 190, 188)
(255, 255, 253)
(190, 190, 188)
(255, 255, 253)
(190, 190, 188)
(255, 255, 253)
(190, 190, 188)
(255, 255, 253)
(190, 190, 188)
(255, 255, 253)
(190, 190, 188)
(255, 255, 253)
(190, 190, 188)
(255, 255, 253)
(136, 222, 241)
(190, 190, 190)
(255, 255, 255)
(190, 190, 190)
(255, 255, 255)
(190, 190, 190)
(255, 255, 255)
(190, 190, 190)
(255, 255, 255)
(190, 190, 190)
(255, 255, 255)
(190, 190, 190)
(255, 255, 255)
(190, 190, 190)
(255, 255, 255)
(190, 190, 190)
(255, 255, 255)
(190, 190, 188)
(255, 255, 253)
(190, 190, 188)
(255, 255, 253)
(190, 190, 188)
(255, 255, 253)
(190, 190, 188)
(255, 255, 253)
(190, 190, 188)
(255, 255, 253)
(190, 190, 188)
(255, 255, 253)
(190, 190, 188)
(255, 255, 253)
(190, 190, 190)
(255, 255, 255)
(190, 190, 190)
(255, 255, 255)
(190, 190, 190)
(255, 255, 255)
(190, 190, 190)
(255, 255, 255)
(190, 190, 190)
(255, 255, 255)
(190, 190, 190)
(255, 255, 255)
(190, 190, 190)
(255, 255, 255)
(190, 190, 190)
(255, 255, 255)
(190, 190, 190)
(255, 255, 255)
(190, 190, 188)
(255, 255, 253)
(190, 190, 188)
(255, 255, 253)
(190, 190, 188)
(255, 255, 253)
(190, 190, 188)
(255, 255, 253)
(190, 190, 188)
(255, 255, 253)
(190, 190, 188)
(255, 255, 253)
(190, 190, 188)
(255, 255, 253)
(190, 190, 188)
(255, 206, 246)
(255, 254, 255)
(190, 191, 190)
(255, 254, 255)
(190, 191, 190)
(255, 254, 255)
(190, 191, 190)
(255, 254, 255)
(190, 191, 190)
(255, 254, 255)
(190, 191, 190)
(255, 254, 255)
(190, 191, 190)
(255, 254, 255)
(190, 191, 190)
(255, 255, 255)
(190, 190, 190)
(255, 255, 255)
(190, 190, 190)
(255, 255, 255)
(190, 190, 190)
(255, 255, 255)
(190, 190, 190)
(255, 255, 255)
(190, 190, 190)
(255, 255, 255)
(190, 190, 190)
(255, 255, 255)
(190, 190, 190)
(255, 255, 255)
(190, 190, 190)
(255, 255, 255)
(190, 190, 190)
(255, 255, 255)
(190, 190, 190)
(255, 255, 255)
(190, 190, 190)
(255, 255, 255)
(190, 190, 190)
(255, 255, 255)
(190, 190, 190)
(255, 255, 255)
(190, 190, 190)
(255, 255, 255)
(190, 190, 190)
(255, 255, 255)
(190, 190, 190)
(255, 255, 255)
(190, 190, 190)
(255, 255, 255)
(190, 190, 190)
(255, 255, 255)
(190, 190, 190)
(255, 255, 255)
(190, 190, 190)
(255, 255, 255)
(190, 190, 190)
(255, 255, 255)
(190, 190, 190)
(255, 255, 255)
(190, 190, 190)
(255, 255, 255)
(190, 190, 190)
(255, 255, 255)
(242, 195, 248)
(191, 190, 190)
(254, 255, 255)
(191, 190, 190)
(254, 255, 255)
(191, 190, 190)
(254, 255, 255)
(191, 190, 190)
(254, 255, 255)
(191, 190, 190)
(254, 255, 255)
(191, 190, 190)
(254, 255, 255)
(191, 190, 190)
(254, 255, 255)
(191, 190, 190)
(254, 255, 255)
(191, 190, 190)
(254, 255, 255)
(191, 190, 190)
(254, 255, 255)
(191, 190, 190)
(254, 255, 255)
(191, 190, 190)
(254, 255, 255)
(191, 190, 190)
(254, 255, 255)
(191, 190, 190)
(254, 255, 255)
(191, 190, 190)
(254, 255, 255)
(191, 190, 190)
(254, 255, 255)
(191, 190, 190)
(254, 255, 255)
(191, 190, 190)
(254, 255, 255)
(191, 190, 190)
(254, 255, 255)
(191, 190, 190)
(254, 255, 255)
(191, 190, 190)
(254, 255, 255)
(191, 190, 190)
(254, 255, 255)
(191, 190, 190)
(254, 255, 255)
(191, 190, 190)
(254, 255, 255)
(191, 190, 190)
(254, 255, 255)
(191, 190, 190)
(254, 255, 255)
(191, 190, 190)
(254, 255, 255)
(191, 190, 190)
(254, 255, 255)
(191, 190, 190)
(254, 255, 255)
(191, 190, 190)
(254, 255, 255)
(191, 190, 190)
(254, 255, 255)
(191, 190, 190)
(130, 204, 242)
(255, 254, 255)
(190, 191, 190)
(255, 254, 255)
(190, 191, 190)
(255, 254, 255)
(190, 191, 190)
(255, 254, 255)
(190, 191, 190)
(255, 254, 255)
(190, 191, 190)
(255, 254, 255)
(190, 191, 190)
(255, 254, 255)
(190, 191, 190)
(255, 254, 255)
(190, 190, 188)
(255, 255, 253)
(190, 190, 188)
(255, 255, 253)
(190, 190, 188)
(255, 255, 253)
(190, 190, 188)
(255, 255, 253)
(190, 190, 188)
(255, 255, 253)
(190, 190, 188)
(255, 255, 253)
(190, 190, 188)
(255, 255, 253)
(190, 190, 188)
(255, 255, 253)
(190, 191, 190)
(255, 254, 255)
(190, 191, 190)
(255, 254, 255)
(190, 191, 190)
(255, 254, 255)
(190, 191, 190)
(255, 254, 255)
(190, 191, 190)
(255, 254, 255)
(190, 191, 190)
(255, 254, 255)
(190, 191, 190)
(255, 254, 255)
(190, 191, 190)
(255, 254, 255)
(190, 191, 190)
(255, 254, 255)
(190, 191, 190)
(255, 254, 255)
(190, 191, 190)
(255, 254, 255)
(190, 191, 190)
(255, 254, 255)
(190, 191, 190)
(255, 254, 255)
(190, 191, 190)
(255, 254, 255)
(190, 191, 190)
(255, 254, 255)
(190, 191, 190)
(255, 254, 255)
(241, 199, 252)
(190, 190, 188)
(255, 255, 253)
(190, 190, 188)
(255, 255, 253)
(190, 190, 188)
(255, 255, 253)
(190, 190, 188)
(255, 255, 253)
(190, 190, 188)
(255, 255, 253)
(190, 190, 188)
(255, 255, 253)
(190, 190, 188)
(255, 255, 253)
(190, 190, 188)
(255, 255, 251)
(190, 190, 186)
(255, 255, 251)
(190, 190, 186)
(255, 255, 251)
(190, 190, 186)
(255, 255, 251)
(190, 190, 186)
(255, 255, 251)
(190, 190, 186)
(255, 255, 251)
(190, 190, 186)
(255, 255, 251)
(190, 190, 186)
(255, 255, 251)
(190, 190, 186)
(255, 255, 253)
(190, 191, 190)
(255, 254, 255)
(190, 191, 190)
(255, 254, 255)
(190, 191, 190)
(255, 254, 255)
(190, 191, 190)
(255, 254, 255)
(190, 191, 190)
(255, 254, 255)
(190, 191, 190)
(255, 254, 255)
(190, 191, 190)
(255, 254, 255)
(190, 191, 190)
(255, 255, 253)
(190, 190, 188)
(255, 255, 253)
(190, 190, 188)
(255, 255, 253)
(190, 190, 188)
(255, 255, 253)
(190, 190, 188)
(255, 255, 253)
(190, 190, 188)
(255, 255, 253)
(190, 190, 188)
(255, 255, 253)
(190, 190, 188)
(255, 255, 253)
(190, 190, 188)
